## Muestra el numero de rayos que golpean cada bin
## Nx =40, Ny=40
## x[m], y[m], z[W/m2]
-0.965522, -0.919243, 0
-0.965522, -0.870672, 0
-0.965522, -0.822101, 0
-0.965522, -0.77353, 0
-0.965522, -0.724959, 0
-0.965522, -0.676387, 0
-0.965522, -0.627816, 0
-0.965522, -0.579245, 0
-0.965522, -0.530674, 0
-0.965522, -0.482103, 0
-0.965522, -0.433532, 0
-0.965522, -0.384961, 0
-0.965522, -0.33639, 0
-0.965522, -0.287818, 0
-0.965522, -0.239247, 0
-0.965522, -0.190676, 0
-0.965522, -0.142105, 0
-0.965522, -0.0935339, 0
-0.965522, -0.0449627, 0
-0.965522, 0.00360839, 0
-0.965522, 0.0521795, 0
-0.965522, 0.100751, 0
-0.965522, 0.149322, 0
-0.965522, 0.197893, 0
-0.965522, 0.246464, 0
-0.965522, 0.295035, 0
-0.965522, 0.343606, 0
-0.965522, 0.392177, 0
-0.965522, 0.440749, 0
-0.965522, 0.48932, 0
-0.965522, 0.537891, 0
-0.965522, 0.586462, 0
-0.965522, 0.635033, 0
-0.965522, 0.683604, 0
-0.965522, 0.732175, 0
-0.965522, 0.780747, 0
-0.965522, 0.829318, 0
-0.965522, 0.877889, 0
-0.965522, 0.92646, 0
-0.965522, 0.975031, 0
-0.915843, -0.919243, 0
-0.915843, -0.870672, 0
-0.915843, -0.822101, 0
-0.915843, -0.77353, 0
-0.915843, -0.724959, 0
-0.915843, -0.676387, 0
-0.915843, -0.627816, 0
-0.915843, -0.579245, 0
-0.915843, -0.530674, 0
-0.915843, -0.482103, 0
-0.915843, -0.433532, 0
-0.915843, -0.384961, 0
-0.915843, -0.33639, 0
-0.915843, -0.287818, 0
-0.915843, -0.239247, 0
-0.915843, -0.190676, 0
-0.915843, -0.142105, 0
-0.915843, -0.0935339, 0
-0.915843, -0.0449627, 0.0173579
-0.915843, 0.00360839, 0
-0.915843, 0.0521795, 0.0173579
-0.915843, 0.100751, 0
-0.915843, 0.149322, 0.0347158
-0.915843, 0.197893, 0.0347158
-0.915843, 0.246464, 0.0347158
-0.915843, 0.295035, 0.0520737
-0.915843, 0.343606, 0.0173579
-0.915843, 0.392177, 0.0173579
-0.915843, 0.440749, 0.0347158
-0.915843, 0.48932, 0.0173579
-0.915843, 0.537891, 0.0173579
-0.915843, 0.586462, 0
-0.915843, 0.635033, 0
-0.915843, 0.683604, 0
-0.915843, 0.732175, 0
-0.915843, 0.780747, 0
-0.915843, 0.829318, 0
-0.915843, 0.877889, 0
-0.915843, 0.92646, 0
-0.915843, 0.975031, 0
-0.866165, -0.919243, 0
-0.866165, -0.870672, 0
-0.866165, -0.822101, 0
-0.866165, -0.77353, 0
-0.866165, -0.724959, 0
-0.866165, -0.676387, 0
-0.866165, -0.627816, 0
-0.866165, -0.579245, 0
-0.866165, -0.530674, 0
-0.866165, -0.482103, 0
-0.866165, -0.433532, 0
-0.866165, -0.384961, 0
-0.866165, -0.33639, 0
-0.866165, -0.287818, 0
-0.866165, -0.239247, 0
-0.866165, -0.190676, 0
-0.866165, -0.142105, 0
-0.866165, -0.0935339, 0
-0.866165, -0.0449627, 0
-0.866165, 0.00360839, 0.0173579
-0.866165, 0.0521795, 0.0347158
-0.866165, 0.100751, 0.0173579
-0.866165, 0.149322, 0.0347158
-0.866165, 0.197893, 0.0347158
-0.866165, 0.246464, 0.156221
-0.866165, 0.295035, 0.0520737
-0.866165, 0.343606, 0.121505
-0.866165, 0.392177, 0.0520737
-0.866165, 0.440749, 0.0347158
-0.866165, 0.48932, 0.0694315
-0.866165, 0.537891, 0.0347158
-0.866165, 0.586462, 0
-0.866165, 0.635033, 0.0173579
-0.866165, 0.683604, 0
-0.866165, 0.732175, 0
-0.866165, 0.780747, 0
-0.866165, 0.829318, 0
-0.866165, 0.877889, 0
-0.866165, 0.92646, 0
-0.866165, 0.975031, 0
-0.816486, -0.919243, 0
-0.816486, -0.870672, 0
-0.816486, -0.822101, 0
-0.816486, -0.77353, 0
-0.816486, -0.724959, 0
-0.816486, -0.676387, 0
-0.816486, -0.627816, 0
-0.816486, -0.579245, 0
-0.816486, -0.530674, 0
-0.816486, -0.482103, 0
-0.816486, -0.433532, 0
-0.816486, -0.384961, 0
-0.816486, -0.33639, 0
-0.816486, -0.287818, 0
-0.816486, -0.239247, 0
-0.816486, -0.190676, 0.0347158
-0.816486, -0.142105, 0
-0.816486, -0.0935339, 0.0867894
-0.816486, -0.0449627, 0.0520737
-0.816486, 0.00360839, 0.0694315
-0.816486, 0.0521795, 0.173579
-0.816486, 0.100751, 0.24301
-0.816486, 0.149322, 0.24301
-0.816486, 0.197893, 0.295084
-0.816486, 0.246464, 0.3298
-0.816486, 0.295035, 0.190937
-0.816486, 0.343606, 0.312442
-0.816486, 0.392177, 0.277726
-0.816486, 0.440749, 0.208295
-0.816486, 0.48932, 0.121505
-0.816486, 0.537891, 0.0694315
-0.816486, 0.586462, 0.0520737
-0.816486, 0.635033, 0.0347158
-0.816486, 0.683604, 0.0173579
-0.816486, 0.732175, 0
-0.816486, 0.780747, 0
-0.816486, 0.829318, 0
-0.816486, 0.877889, 0
-0.816486, 0.92646, 0
-0.816486, 0.975031, 0
-0.766807, -0.919243, 0
-0.766807, -0.870672, 0
-0.766807, -0.822101, 0
-0.766807, -0.77353, 0
-0.766807, -0.724959, 0
-0.766807, -0.676387, 0
-0.766807, -0.627816, 0
-0.766807, -0.579245, 0
-0.766807, -0.530674, 0.0173579
-0.766807, -0.482103, 0
-0.766807, -0.433532, 0
-0.766807, -0.384961, 0
-0.766807, -0.33639, 0
-0.766807, -0.287818, 0.0347158
-0.766807, -0.239247, 0.0694315
-0.766807, -0.190676, 0.0694315
-0.766807, -0.142105, 0.0347158
-0.766807, -0.0935339, 0.190937
-0.766807, -0.0449627, 0.225653
-0.766807, 0.00360839, 0.295084
-0.766807, 0.0521795, 0.312442
-0.766807, 0.100751, 0.347158
-0.766807, 0.149322, 0.503379
-0.766807, 0.197893, 0.6596
-0.766807, 0.246464, 0.798463
-0.766807, 0.295035, 0.711673
-0.766807, 0.343606, 0.954684
-0.766807, 0.392177, 0.607526
-0.766807, 0.440749, 0.590168
-0.766807, 0.48932, 0.3298
-0.766807, 0.537891, 0.24301
-0.766807, 0.586462, 0.190937
-0.766807, 0.635033, 0.0347158
-0.766807, 0.683604, 0.0173579
-0.766807, 0.732175, 0
-0.766807, 0.780747, 0
-0.766807, 0.829318, 0
-0.766807, 0.877889, 0
-0.766807, 0.92646, 0
-0.766807, 0.975031, 0
-0.717129, -0.919243, 0
-0.717129, -0.870672, 0
-0.717129, -0.822101, 0
-0.717129, -0.77353, 0
-0.717129, -0.724959, 0
-0.717129, -0.676387, 0
-0.717129, -0.627816, 0
-0.717129, -0.579245, 0
-0.717129, -0.530674, 0.0173579
-0.717129, -0.482103, 0
-0.717129, -0.433532, 0.0173579
-0.717129, -0.384961, 0.0347158
-0.717129, -0.33639, 0.0347158
-0.717129, -0.287818, 0
-0.717129, -0.239247, 0.225653
-0.717129, -0.190676, 0.24301
-0.717129, -0.142105, 0.295084
-0.717129, -0.0935339, 0.468663
-0.717129, -0.0449627, 0.486021
-0.717129, 0.00360839, 0.885252
-0.717129, 0.0521795, 0.937326
-0.717129, 0.100751, 1.24977
-0.717129, 0.149322, 1.00676
-0.717129, 0.197893, 1.73579
-0.717129, 0.246464, 1.59693
-0.717129, 0.295035, 1.82258
-0.717129, 0.343606, 1.94408
-0.717129, 0.392177, 1.56221
-0.717129, 0.440749, 1.24977
-0.717129, 0.48932, 0.746389
-0.717129, 0.537891, 0.381873
-0.717129, 0.586462, 0.347158
-0.717129, 0.635033, 0.173579
-0.717129, 0.683604, 0.0520737
-0.717129, 0.732175, 0
-0.717129, 0.780747, 0.0173579
-0.717129, 0.829318, 0
-0.717129, 0.877889, 0
-0.717129, 0.92646, 0
-0.717129, 0.975031, 0
-0.66745, -0.919243, 0
-0.66745, -0.870672, 0
-0.66745, -0.822101, 0
-0.66745, -0.77353, 0
-0.66745, -0.724959, 0
-0.66745, -0.676387, 0
-0.66745, -0.627816, 0
-0.66745, -0.579245, 0
-0.66745, -0.530674, 0.0173579
-0.66745, -0.482103, 0.0347158
-0.66745, -0.433532, 0.173579
-0.66745, -0.384961, 0.138863
-0.66745, -0.33639, 0.156221
-0.66745, -0.287818, 0.190937
-0.66745, -0.239247, 0.468663
-0.66745, -0.190676, 0.399231
-0.66745, -0.142105, 0.850536
-0.66745, -0.0935339, 1.19769
-0.66745, -0.0449627, 1.38863
-0.66745, 0.00360839, 1.90937
-0.66745, 0.0521795, 2.16974
-0.66745, 0.100751, 2.6384
-0.66745, 0.149322, 3.33271
-0.66745, 0.197893, 3.66251
-0.66745, 0.246464, 4.21797
-0.66745, 0.295035, 4.14853
-0.66745, 0.343606, 3.64516
-0.66745, 0.392177, 3.6278
-0.66745, 0.440749, 2.6384
-0.66745, 0.48932, 1.92673
-0.66745, 0.537891, 1.54485
-0.66745, 0.586462, 0.6596
-0.66745, 0.635033, 0.381873
-0.66745, 0.683604, 0.121505
-0.66745, 0.732175, 0.0520737
-0.66745, 0.780747, 0.0173579
-0.66745, 0.829318, 0
-0.66745, 0.877889, 0
-0.66745, 0.92646, 0
-0.66745, 0.975031, 0
-0.617771, -0.919243, 0
-0.617771, -0.870672, 0
-0.617771, -0.822101, 0
-0.617771, -0.77353, 0
-0.617771, -0.724959, 0
-0.617771, -0.676387, 0
-0.617771, -0.627816, 0.0347158
-0.617771, -0.579245, 0.0173579
-0.617771, -0.530674, 0.0694315
-0.617771, -0.482103, 0.138863
-0.617771, -0.433532, 0.225653
-0.617771, -0.384961, 0.399231
-0.617771, -0.33639, 0.607526
-0.617771, -0.287818, 1.09355
-0.617771, -0.239247, 1.18034
-0.617771, -0.190676, 1.33656
-0.617771, -0.142105, 2.23917
-0.617771, -0.0935339, 2.79462
-0.617771, -0.0449627, 3.40215
-0.617771, 0.00360839, 4.14853
-0.617771, 0.0521795, 4.70399
-0.617771, 0.100751, 5.86697
-0.617771, 0.149322, 6.85636
-0.617771, 0.197893, 7.34239
-0.617771, 0.246464, 7.11673
-0.617771, 0.295035, 7.74162
-0.617771, 0.343606, 7.23824
-0.617771, 0.392177, 6.52657
-0.617771, 0.440749, 4.80813
-0.617771, 0.48932, 3.55837
-0.617771, 0.537891, 2.23917
-0.617771, 0.586462, 1.21505
-0.617771, 0.635033, 0.468663
-0.617771, 0.683604, 0.312442
-0.617771, 0.732175, 0.0867894
-0.617771, 0.780747, 0.0173579
-0.617771, 0.829318, 0.0173579
-0.617771, 0.877889, 0
-0.617771, 0.92646, 0
-0.617771, 0.975031, 0
-0.568093, -0.919243, 0
-0.568093, -0.870672, 0
-0.568093, -0.822101, 0
-0.568093, -0.77353, 0
-0.568093, -0.724959, 0
-0.568093, -0.676387, 0
-0.568093, -0.627816, 0.0347158
-0.568093, -0.579245, 0.0694315
-0.568093, -0.530674, 0.24301
-0.568093, -0.482103, 0.347158
-0.568093, -0.433532, 0.711673
-0.568093, -0.384961, 0.919968
-0.568093, -0.33639, 1.66636
-0.568093, -0.287818, 1.83994
-0.568093, -0.239247, 2.82934
-0.568093, -0.190676, 3.57572
-0.568093, -0.142105, 4.02703
-0.568093, -0.0935339, 5.45038
-0.568093, -0.0449627, 6.78693
-0.568093, 0.00360839, 7.94991
-0.568093, 0.0521795, 9.89399
-0.568093, 0.100751, 11.2653
-0.568093, 0.149322, 11.3347
-0.568093, 0.197893, 13.6954
-0.568093, 0.246464, 12.6192
-0.568093, 0.295035, 13.2614
-0.568093, 0.343606, 11.3868
-0.568093, 0.392177, 9.49476
-0.568093, 0.440749, 8.10613
-0.568093, 0.48932, 5.57188
-0.568093, 0.537891, 4.53041
-0.568093, 0.586462, 1.99616
-0.568093, 0.635033, 1.05883
-0.568093, 0.683604, 0.433947
-0.568093, 0.732175, 0.138863
-0.568093, 0.780747, 0.0867894
-0.568093, 0.829318, 0
-0.568093, 0.877889, 0.0173579
-0.568093, 0.92646, 0
-0.568093, 0.975031, 0
-0.518414, -0.919243, 0
-0.518414, -0.870672, 0
-0.518414, -0.822101, 0
-0.518414, -0.77353, 0
-0.518414, -0.724959, 0
-0.518414, -0.676387, 0.0520737
-0.518414, -0.627816, 0.173579
-0.518414, -0.579245, 0.451305
-0.518414, -0.530674, 0.57281
-0.518414, -0.482103, 1.18034
-0.518414, -0.433532, 1.51014
-0.518414, -0.384961, 2.37803
-0.518414, -0.33639, 4.00967
-0.518414, -0.287818, 4.51305
-0.518414, -0.239247, 6.87372
-0.518414, -0.190676, 7.77633
-0.518414, -0.142105, 9.39062
-0.518414, -0.0935339, 10.9181
-0.518414, -0.0449627, 12.6886
-0.518414, 0.00360839, 15.8998
-0.518414, 0.0521795, 16.9934
-0.518414, 0.100751, 19.0242
-0.518414, 0.149322, 20.4997
-0.518414, 0.197893, 21.4891
-0.518414, 0.246464, 20.7427
-0.518414, 0.295035, 20.2393
-0.518414, 0.343606, 17.8092
-0.518414, 0.392177, 14.0599
-0.518414, 0.440749, 11.6471
-0.518414, 0.48932, 8.27971
-0.518414, 0.537891, 6.14469
-0.518414, 0.586462, 3.73195
-0.518414, 0.635033, 1.71843
-0.518414, 0.683604, 0.763747
-0.518414, 0.732175, 0.225653
-0.518414, 0.780747, 0.0520737
-0.518414, 0.829318, 0.0173579
-0.518414, 0.877889, 0.0173579
-0.518414, 0.92646, 0
-0.518414, 0.975031, 0
-0.468735, -0.919243, 0
-0.468735, -0.870672, 0
-0.468735, -0.822101, 0
-0.468735, -0.77353, 0.0173579
-0.468735, -0.724959, 0
-0.468735, -0.676387, 0.104147
-0.468735, -0.627816, 0.381873
-0.468735, -0.579245, 0.867894
-0.468735, -0.530674, 1.49278
-0.468735, -0.482103, 2.49954
-0.468735, -0.433532, 4.18325
-0.468735, -0.384961, 5.13793
-0.468735, -0.33639, 7.62011
-0.468735, -0.287818, 9.84192
-0.468735, -0.239247, 11.9596
-0.468735, -0.190676, 14.355
-0.468735, -0.142105, 18.3646
-0.468735, -0.0935339, 20.031
-0.468735, -0.0449627, 21.1593
-0.468735, 0.00360839, 24.8391
-0.468735, 0.0521795, 27.4602
-0.468735, 0.100751, 29.9076
-0.468735, 0.149322, 29.1439
-0.468735, 0.197893, 30.8276
-0.468735, 0.246464, 29.0397
-0.468735, 0.295035, 26.0715
-0.468735, 0.343606, 24.4225
-0.468735, 0.392177, 20.0484
-0.468735, 0.440749, 16.1949
-0.468735, 0.48932, 11.3347
-0.468735, 0.537891, 7.08202
-0.468735, 0.586462, 4.32211
-0.468735, 0.635033, 2.51689
-0.468735, 0.683604, 0.954684
-0.468735, 0.732175, 0.381873
-0.468735, 0.780747, 0.0694315
-0.468735, 0.829318, 0.0520737
-0.468735, 0.877889, 0.0173579
-0.468735, 0.92646, 0
-0.468735, 0.975031, 0
-0.419057, -0.919243, 0
-0.419057, -0.870672, 0
-0.419057, -0.822101, 0.0173579
-0.419057, -0.77353, 0.0694315
-0.419057, -0.724959, 0.156221
-0.419057, -0.676387, 0.364516
-0.419057, -0.627816, 1.19769
-0.419057, -0.579245, 2.08295
-0.419057, -0.530674, 3.50629
-0.419057, -0.482103, 5.81489
-0.419057, -0.433532, 8.19292
-0.419057, -0.384961, 11.6471
-0.419057, -0.33639, 14.5633
-0.419057, -0.287818, 18.0001
-0.419057, -0.239247, 22.2007
-0.419057, -0.190676, 24.4399
-0.419057, -0.142105, 27.5817
-0.419057, -0.0935339, 31.7649
-0.419057, -0.0449627, 35.6184
-0.419057, 0.00360839, 38.2568
-0.419057, 0.0521795, 41.1382
-0.419057, 0.100751, 39.7669
-0.419057, 0.149322, 41.4159
-0.419057, 0.197893, 42.7872
-0.419057, 0.246464, 40.1314
-0.419057, 0.295035, 35.7746
-0.419057, 0.343606, 30.5325
-0.419057, 0.392177, 25.1169
-0.419057, 0.440749, 19.9442
-0.419057, 0.48932, 14.7021
-0.419057, 0.537891, 9.26911
-0.419057, 0.586462, 6.02319
-0.419057, 0.635033, 3.35007
-0.419057, 0.683604, 1.51014
-0.419057, 0.732175, 0.781105
-0.419057, 0.780747, 0.3298
-0.419057, 0.829318, 0.104147
-0.419057, 0.877889, 0.0520737
-0.419057, 0.92646, 0
-0.419057, 0.975031, 0
-0.369378, -0.919243, 0
-0.369378, -0.870672, 0.0347158
-0.369378, -0.822101, 0.0694315
-0.369378, -0.77353, 0.173579
-0.369378, -0.724959, 0.520737
-0.369378, -0.676387, 1.05883
-0.369378, -0.627816, 2.56897
-0.369378, -0.579245, 4.21797
-0.369378, -0.530674, 7.56804
-0.369378, -0.482103, 10.8834
-0.369378, -0.433532, 15.6047
-0.369378, -0.384961, 21.9057
-0.369378, -0.33639, 25.8806
-0.369378, -0.287818, 30.4457
-0.369378, -0.239247, 36.4516
-0.369378, -0.190676, 38.4477
-0.369378, -0.142105, 43.2211
-0.369378, -0.0935339, 47.4738
-0.369378, -0.0449627, 48.2896
-0.369378, 0.00360839, 51.0322
-0.369378, 0.0521795, 55.1981
-0.369378, 0.100751, 52.7333
-0.369378, 0.149322, 51.9174
-0.369378, 0.197893, 51.171
-0.369378, 0.246464, 45.3735
-0.369378, 0.295035, 42.7351
-0.369378, 0.343606, 37.1285
-0.369378, 0.392177, 30.9665
-0.369378, 0.440749, 23.8497
-0.369378, 0.48932, 17.1843
-0.369378, 0.537891, 12.6365
-0.369378, 0.586462, 7.56804
-0.369378, 0.635033, 4.35683
-0.369378, 0.683604, 1.90937
-0.369378, 0.732175, 0.746389
-0.369378, 0.780747, 0.277726
-0.369378, 0.829318, 0.173579
-0.369378, 0.877889, 0.0173579
-0.369378, 0.92646, 0.0173579
-0.369378, 0.975031, 0.0173579
-0.319699, -0.919243, 0.0347158
-0.319699, -0.870672, 0.0347158
-0.319699, -0.822101, 0.104147
-0.319699, -0.77353, 0.451305
-0.319699, -0.724959, 1.28448
-0.319699, -0.676387, 2.36067
-0.319699, -0.627816, 5.32887
-0.319699, -0.579245, 9.14761
-0.319699, -0.530674, 14.0425
-0.319699, -0.482103, 19.9616
-0.319699, -0.433532, 26.1757
-0.319699, -0.384961, 33.7264
-0.319699, -0.33639, 38.3089
-0.319699, -0.287818, 45.686
-0.319699, -0.239247, 51.5008
-0.319699, -0.190676, 57.8538
-0.319699, -0.142105, 57.0901
-0.319699, -0.0935339, 61.3948
-0.319699, -0.0449627, 64.6061
-0.319699, 0.00360839, 66.4633
-0.319699, 0.0521795, 66.1683
-0.319699, 0.100751, 66.4807
-0.319699, 0.149322, 65.0921
-0.319699, 0.197893, 61.5163
-0.319699, 0.246464, 59.0342
-0.319699, 0.295035, 52.4555
-0.319699, 0.343606, 45.8942
-0.319699, 0.392177, 37.1285
-0.319699, 0.440749, 27.9983
-0.319699, 0.48932, 21.8189
-0.319699, 0.537891, 13.9037
-0.319699, 0.586462, 9.51212
-0.319699, 0.635033, 5.38094
-0.319699, 0.683604, 3.21121
-0.319699, 0.732175, 1.49278
-0.319699, 0.780747, 0.6596
-0.319699, 0.829318, 0.24301
-0.319699, 0.877889, 0.138863
-0.319699, 0.92646, 0.0347158
-0.319699, 0.975031, 0.0347158
-0.27002, -0.919243, 0.0173579
-0.27002, -0.870672, 0.121505
-0.27002, -0.822101, 0.312442
-0.27002, -0.77353, 0.711673
-0.27002, -0.724959, 2.27388
-0.27002, -0.676387, 4.42626
-0.27002, -0.627816, 8.99138
-0.27002, -0.579245, 13.7127
-0.27002, -0.530674, 22.3743
-0.27002, -0.482103, 30.8102
-0.27002, -0.433532, 39.6454
-0.27002, -0.384961, 48.7757
-0.27002, -0.33639, 55.9965
-0.27002, -0.287818, 62.7661
-0.27002, -0.239247, 67.7478
-0.27002, -0.190676, 70.4036
-0.27002, -0.142105, 74.0314
-0.27002, -0.0935339, 77.0343
-0.27002, -0.0449627, 78.8916
-0.27002, 0.00360839, 80.4885
-0.27002, 0.0521795, 80.3323
-0.27002, 0.100751, 79.3603
-0.27002, 0.149322, 77.8328
-0.27002, 0.197893, 71.9137
-0.27002, 0.246464, 66.2377
-0.27002, 0.295035, 60.1971
-0.27002, 0.343606, 51.0148
-0.27002, 0.392177, 44.3668
-0.27002, 0.440749, 34.386
-0.27002, 0.48932, 25.8459
-0.27002, 0.537891, 16.7504
-0.27002, 0.586462, 11.057
-0.27002, 0.635033, 7.06466
-0.27002, 0.683604, 3.48894
-0.27002, 0.732175, 2.08295
-0.27002, 0.780747, 0.781105
-0.27002, 0.829318, 0.433947
-0.27002, 0.877889, 0.156221
-0.27002, 0.92646, 0.104147
-0.27002, 0.975031, 0.0173579
-0.220342, -0.919243, 0.0173579
-0.220342, -0.870672, 0.0694315
-0.220342, -0.822101, 0.642242
-0.220342, -0.77353, 1.42335
-0.220342, -0.724959, 2.95084
-0.220342, -0.676387, 6.40506
-0.220342, -0.627816, 12.5671
-0.220342, -0.579245, 20.6906
-0.220342, -0.530674, 30.7061
-0.220342, -0.482103, 43.5857
-0.220342, -0.433532, 52.7333
-0.220342, -0.384961, 62.1759
-0.220342, -0.33639, 69.9349
-0.220342, -0.287818, 77.503
-0.220342, -0.239247, 85.1925
-0.220342, -0.190676, 87.7962
-0.220342, -0.142105, 87.9698
-0.220342, -0.0935339, 92.639
-0.220342, -0.0449627, 94.1145
-0.220342, 0.00360839, 94.4443
-0.220342, 0.0521795, 92.2919
-0.220342, 0.100751, 88.2301
-0.220342, 0.149322, 88.2301
-0.220342, 0.197893, 82.4152
-0.220342, 0.246464, 77.2773
-0.220342, 0.295035, 68.8761
-0.220342, 0.343606, 58.5134
-0.220342, 0.392177, 48.4979
-0.220342, 0.440749, 41.2076
-0.220342, 0.48932, 28.3107
-0.220342, 0.537891, 20.0657
-0.220342, 0.586462, 13.2267
-0.220342, 0.635033, 8.52272
-0.220342, 0.683604, 4.91228
-0.220342, 0.732175, 2.69047
-0.220342, 0.780747, 1.40599
-0.220342, 0.829318, 0.676958
-0.220342, 0.877889, 0.190937
-0.220342, 0.92646, 0.0694315
-0.220342, 0.975031, 0.0520737
-0.170663, -0.919243, 0.0867894
-0.170663, -0.870672, 0.138863
-0.170663, -0.822101, 0.711673
-0.170663, -0.77353, 1.66636
-0.170663, -0.724959, 4.09646
-0.170663, -0.676387, 8.78309
-0.170663, -0.627816, 15.5006
-0.170663, -0.579245, 25.3772
-0.170663, -0.530674, 37.7708
-0.170663, -0.482103, 51.7091
-0.170663, -0.433532, 62.5231
-0.170663, -0.384961, 74.7778
-0.170663, -0.33639, 84.0816
-0.170663, -0.287818, 93.3507
-0.170663, -0.239247, 96.2321
-0.170663, -0.190676, 102.915
-0.170663, -0.142105, 103.696
-0.170663, -0.0935339, 104.269
-0.170663, -0.0449627, 107.063
-0.170663, 0.00360839, 106.421
-0.170663, 0.0521795, 103.644
-0.170663, 0.100751, 100.78
-0.170663, 0.149322, 96.7529
-0.170663, 0.197893, 88.7856
-0.170663, 0.246464, 84.3767
-0.170663, 0.295035, 77.5897
-0.170663, 0.343606, 65.9426
-0.170663, 0.392177, 55.0592
-0.170663, 0.440749, 44.6271
-0.170663, 0.48932, 34.4207
-0.170663, 0.537891, 23.9712
-0.170663, 0.586462, 16.4726
-0.170663, 0.635033, 10.2064
-0.170663, 0.683604, 6.07526
-0.170663, 0.732175, 3.22857
-0.170663, 0.780747, 1.47542
-0.170663, 0.829318, 0.642242
-0.170663, 0.877889, 0.173579
-0.170663, 0.92646, 0.138863
-0.170663, 0.975031, 0.0694315
-0.120984, -0.919243, 0.0173579
-0.120984, -0.870672, 0.0694315
-0.120984, -0.822101, 0.416589
-0.120984, -0.77353, 1.63164
-0.120984, -0.724959, 4.18325
-0.120984, -0.676387, 8.62687
-0.120984, -0.627816, 15.6047
-0.120984, -0.579245, 27.2866
-0.120984, -0.530674, 40.9125
-0.120984, -0.482103, 55.2502
-0.120984, -0.433532, 68.6504
-0.120984, -0.384961, 83.5609
-0.120984, -0.33639, 96.9611
-0.120984, -0.287818, 102.95
-0.120984, -0.239247, 107.532
-0.120984, -0.190676, 116.35
-0.120984, -0.142105, 116.315
-0.120984, -0.0935339, 118.363
-0.120984, -0.0449627, 118.659
-0.120984, 0.00360839, 114.371
-0.120984, 0.0521795, 112.045
-0.120984, 0.100751, 114.059
-0.120984, 0.149322, 106.248
-0.120984, 0.197893, 99.8599
-0.120984, 0.246464, 92.2572
-0.120984, 0.295035, 83.3873
-0.120984, 0.343606, 72.6948
-0.120984, 0.392177, 61.1865
-0.120984, 0.440749, 50.9628
-0.120984, 0.48932, 37.3715
-0.120984, 0.537891, 27.1824
-0.120984, 0.586462, 18.5382
-0.120984, 0.635033, 11.3347
-0.120984, 0.683604, 6.37034
-0.120984, 0.732175, 3.15914
-0.120984, 0.780747, 1.75315
-0.120984, 0.829318, 0.624884
-0.120984, 0.877889, 0.3298
-0.120984, 0.92646, 0.156221
-0.120984, 0.975031, 0.0347158
-0.0713057, -0.919243, 0
-0.0713057, -0.870672, 0.156221
-0.0713057, -0.822101, 0.381873
-0.0713057, -0.77353, 1.30184
-0.0713057, -0.724959, 3.71459
-0.0713057, -0.676387, 7.67219
-0.0713057, -0.627816, 15.2402
-0.0713057, -0.579245, 26.8353
-0.0713057, -0.530674, 42.2317
-0.0713057, -0.482103, 58.4093
-0.0713057, -0.433532, 76.6351
-0.0713057, -0.384961, 89.1675
-0.0713057, -0.33639, 102.724
-0.0713057, -0.287818, 111.576
-0.0713057, -0.239247, 120.134
-0.0713057, -0.190676, 123.189
-0.0713057, -0.142105, 124.404
-0.0713057, -0.0935339, 126.834
-0.0713057, -0.0449627, 128.396
-0.0713057, 0.00360839, 126.227
-0.0713057, 0.0521795, 120.741
-0.0713057, 0.100751, 118.676
-0.0713057, 0.149322, 109.146
-0.0713057, 0.197893, 102.759
-0.0713057, 0.246464, 97.2562
-0.0713057, 0.295035, 83.5956
-0.0713057, 0.343606, 75.2638
-0.0713057, 0.392177, 64.9011
-0.0713057, 0.440749, 52.0042
-0.0713057, 0.48932, 39.819
-0.0713057, 0.537891, 29.6126
-0.0713057, 0.586462, 19.5797
-0.0713057, 0.635033, 11.9596
-0.0713057, 0.683604, 5.84961
-0.0713057, 0.732175, 3.22857
-0.0713057, 0.780747, 1.26713
-0.0713057, 0.829318, 0.867894
-0.0713057, 0.877889, 0.364516
-0.0713057, 0.92646, 0.0867894
-0.0713057, 0.975031, 0.0694315
-0.021627, -0.919243, 0.0173579
-0.021627, -0.870672, 0.0867894
-0.021627, -0.822101, 0.347158
-0.021627, -0.77353, 0.972042
-0.021627, -0.724959, 3.36743
-0.021627, -0.676387, 7.68954
-0.021627, -0.627816, 14.7716
-0.021627, -0.579245, 23.9539
-0.021627, -0.530674, 38.413
-0.021627, -0.482103, 55.5973
-0.021627, -0.433532, 73.5801
-0.021627, -0.384961, 87.8656
-0.021627, -0.33639, 103.991
-0.021627, -0.287818, 113.243
-0.021627, -0.239247, 122.529
-0.021627, -0.190676, 125.845
-0.021627, -0.142105, 127.719
-0.021627, -0.0935339, 126.591
-0.021627, -0.0449627, 129.021
-0.021627, 0.00360839, 126.227
-0.021627, 0.0521795, 124.56
-0.021627, 0.100751, 118.797
-0.021627, 0.149322, 112.982
-0.021627, 0.197893, 103.974
-0.021627, 0.246464, 93.8194
-0.021627, 0.295035, 84.9148
-0.021627, 0.343606, 71.9658
-0.021627, 0.392177, 62.3322
-0.021627, 0.440749, 51.5703
-0.021627, 0.48932, 38.3609
-0.021627, 0.537891, 28.3454
-0.021627, 0.586462, 20.1351
-0.021627, 0.635033, 11.2132
-0.021627, 0.683604, 6.30091
-0.021627, 0.732175, 3.07235
-0.021627, 0.780747, 1.30184
-0.021627, 0.829318, 0.590168
-0.021627, 0.877889, 0.295084
-0.021627, 0.92646, 0.156221
-0.021627, 0.975031, 0.0694315
0.0280516, -0.919243, 0.0173579
0.0280516, -0.870672, 0.121505
0.0280516, -0.822101, 0.173579
0.0280516, -0.77353, 0.937326
0.0280516, -0.724959, 2.65576
0.0280516, -0.676387, 6.19677
0.0280516, -0.627816, 12.6192
0.0280516, -0.579245, 23.4331
0.0280516, -0.530674, 35.0976
0.0280516, -0.482103, 51.171
0.0280516, -0.433532, 70.5772
0.0280516, -0.384961, 85.2272
0.0280516, -0.33639, 102.932
0.0280516, -0.287818, 113.416
0.0280516, -0.239247, 121.974
0.0280516, -0.190676, 123.814
0.0280516, -0.142105, 125.324
0.0280516, -0.0935339, 126.956
0.0280516, -0.0449627, 126.105
0.0280516, 0.00360839, 124.751
0.0280516, 0.0521795, 123.05
0.0280516, 0.100751, 113.781
0.0280516, 0.149322, 108.122
0.0280516, 0.197893, 97.9332
0.0280516, 0.246464, 90.5734
0.0280516, 0.295035, 78.2493
0.0280516, 0.343606, 68.1991
0.0280516, 0.392177, 58.0968
0.0280516, 0.440749, 48.1508
0.0280516, 0.48932, 36.9029
0.0280516, 0.537891, 27.9983
0.0280516, 0.586462, 19.2325
0.0280516, 0.635033, 11.9249
0.0280516, 0.683604, 5.53717
0.0280516, 0.732175, 3.17649
0.0280516, 0.780747, 1.23241
0.0280516, 0.829318, 0.538094
0.0280516, 0.877889, 0.381873
0.0280516, 0.92646, 0.156221
0.0280516, 0.975031, 0.104147
0.0777303, -0.919243, 0.0173579
0.0777303, -0.870672, 0.0347158
0.0777303, -0.822101, 0.277726
0.0777303, -0.77353, 0.694315
0.0777303, -0.724959, 2.1003
0.0777303, -0.676387, 4.84285
0.0777303, -0.627816, 10.7098
0.0777303, -0.579245, 17.6183
0.0777303, -0.530674, 32.9453
0.0777303, -0.482103, 47.5085
0.0777303, -0.433532, 67.2965
0.0777303, -0.384961, 82.9013
0.0777303, -0.33639, 97.1521
0.0777303, -0.287818, 109.476
0.0777303, -0.239247, 119.283
0.0777303, -0.190676, 121.123
0.0777303, -0.142105, 123.293
0.0777303, -0.0935339, 123.137
0.0777303, -0.0449627, 122.495
0.0777303, 0.00360839, 116.558
0.0777303, 0.0521795, 115.1
0.0777303, 0.100751, 104.668
0.0777303, 0.149322, 97.4992
0.0777303, 0.197893, 91.9968
0.0777303, 0.246464, 81.2349
0.0777303, 0.295035, 72.7469
0.0777303, 0.343606, 63.9985
0.0777303, 0.392177, 52.3861
0.0777303, 0.440749, 43.8981
0.0777303, 0.48932, 36.087
0.0777303, 0.537891, 26.7659
0.0777303, 0.586462, 17.4273
0.0777303, 0.635033, 11.1264
0.0777303, 0.683604, 5.7281
0.0777303, 0.732175, 2.95084
0.0777303, 0.780747, 1.3192
0.0777303, 0.829318, 0.57281
0.0777303, 0.877889, 0.225653
0.0777303, 0.92646, 0.138863
0.0777303, 0.975031, 0.121505
0.127409, -0.919243, 0
0.127409, -0.870672, 0.0347158
0.127409, -0.822101, 0.104147
0.127409, -0.77353, 0.468663
0.127409, -0.724959, 1.51014
0.127409, -0.676387, 3.36743
0.127409, -0.627816, 8.14085
0.127409, -0.579245, 15.8651
0.127409, -0.530674, 27.4602
0.127409, -0.482103, 43.5336
0.127409, -0.433532, 59.5549
0.127409, -0.384961, 77.4509
0.127409, -0.33639, 93.4549
0.127409, -0.287818, 100.832
0.127409, -0.239247, 109.65
0.127409, -0.190676, 114.041
0.127409, -0.142105, 114.024
0.127409, -0.0935339, 113.521
0.127409, -0.0449627, 109.146
0.127409, 0.00360839, 104.217
0.127409, 0.0521795, 100.502
0.127409, 0.100751, 96.3883
0.127409, 0.149322, 87.5705
0.127409, 0.197893, 80.4538
0.127409, 0.246464, 70.716
0.127409, 0.295035, 62.2107
0.127409, 0.343606, 55.2154
0.127409, 0.392177, 45.9463
0.127409, 0.440749, 39.1247
0.127409, 0.48932, 31.0706
0.127409, 0.537891, 23.3464
0.127409, 0.586462, 16.4726
0.127409, 0.635033, 10.4494
0.127409, 0.683604, 5.19001
0.127409, 0.732175, 3.12442
0.127409, 0.780747, 1.18034
0.127409, 0.829318, 0.607526
0.127409, 0.877889, 0.451305
0.127409, 0.92646, 0.0520737
0.127409, 0.975031, 0.138863
0.177088, -0.919243, 0
0.177088, -0.870672, 0.0347158
0.177088, -0.822101, 0.104147
0.177088, -0.77353, 0.364516
0.177088, -0.724959, 0.972042
0.177088, -0.676387, 3.03763
0.177088, -0.627816, 6.43978
0.177088, -0.579245, 13.3656
0.177088, -0.530674, 23.6762
0.177088, -0.482103, 34.9761
0.177088, -0.433532, 51.9522
0.177088, -0.384961, 69.4315
0.177088, -0.33639, 81.9987
0.177088, -0.287818, 91.0595
0.177088, -0.239247, 97.1
0.177088, -0.190676, 99.8252
0.177088, -0.142105, 99.3913
0.177088, -0.0935339, 97.6555
0.177088, -0.0449627, 93.6458
0.177088, 0.00360839, 91.5455
0.177088, 0.0521795, 88.0566
0.177088, 0.100751, 79.5859
0.177088, 0.149322, 73.9446
0.177088, 0.197893, 68.9629
0.177088, 0.246464, 62.4016
0.177088, 0.295035, 53.5317
0.177088, 0.343606, 46.2414
0.177088, 0.392177, 38.7949
0.177088, 0.440749, 34.7852
0.177088, 0.48932, 27.2692
0.177088, 0.537891, 21.6453
0.177088, 0.586462, 15.0146
0.177088, 0.635033, 9.44269
0.177088, 0.683604, 5.74546
0.177088, 0.732175, 3.0897
0.177088, 0.780747, 1.28448
0.177088, 0.829318, 0.555452
0.177088, 0.877889, 0.364516
0.177088, 0.92646, 0.173579
0.177088, 0.975031, 0.121505
0.226766, -0.919243, 0
0.226766, -0.870672, 0.0173579
0.226766, -0.822101, 0.0347158
0.226766, -0.77353, 0.295084
0.226766, -0.724959, 0.6596
0.226766, -0.676387, 2.27388
0.226766, -0.627816, 4.86021
0.226766, -0.579245, 10.866
0.226766, -0.530674, 19.545
0.226766, -0.482103, 30.5152
0.226766, -0.433532, 43.9849
0.226766, -0.384961, 57.8365
0.226766, -0.33639, 67.7825
0.226766, -0.287818, 77.8328
0.226766, -0.239247, 80.8183
0.226766, -0.190676, 84.2205
0.226766, -0.142105, 83.4567
0.226766, -0.0935339, 82.6235
0.226766, -0.0449627, 80.6621
0.226766, 0.00360839, 78.5444
0.226766, 0.0521795, 73.6495
0.226766, 0.100751, 67.9561
0.226766, 0.149322, 62.9918
0.226766, 0.197893, 56.7603
0.226766, 0.246464, 51.1016
0.226766, 0.295035, 44.5577
0.226766, 0.343606, 39.0379
0.226766, 0.392177, 35.115
0.226766, 0.440749, 29.7688
0.226766, 0.48932, 25.1516
0.226766, 0.537891, 19.0416
0.226766, 0.586462, 13.6086
0.226766, 0.635033, 9.33854
0.226766, 0.683604, 5.31151
0.226766, 0.732175, 3.02027
0.226766, 0.780747, 1.56221
0.226766, 0.829318, 0.642242
0.226766, 0.877889, 0.486021
0.226766, 0.92646, 0.0347158
0.226766, 0.975031, 0.173579
0.276445, -0.919243, 0
0.276445, -0.870672, 0
0.276445, -0.822101, 0.0520737
0.276445, -0.77353, 0.208295
0.276445, -0.724959, 0.416589
0.276445, -0.676387, 1.4407
0.276445, -0.627816, 3.17649
0.276445, -0.579245, 7.2556
0.276445, -0.530674, 13.9384
0.276445, -0.482103, 23.1381
0.276445, -0.433532, 34.2471
0.276445, -0.384961, 45.0611
0.276445, -0.33639, 53.2019
0.276445, -0.287818, 61.3428
0.276445, -0.239247, 65.6475
0.276445, -0.190676, 69.4142
0.276445, -0.142105, 66.9841
0.276445, -0.0935339, 68.1471
0.276445, -0.0449627, 63.5819
0.276445, 0.00360839, 61.5684
0.276445, 0.0521795, 59.6243
0.276445, 0.100751, 55.7535
0.276445, 0.149322, 52.5597
0.276445, 0.197893, 47.2482
0.276445, 0.246464, 40.5654
0.276445, 0.295035, 38.1873
0.276445, 0.343606, 33.466
0.276445, 0.392177, 27.6511
0.276445, 0.440749, 24.6308
0.276445, 0.48932, 20.0136
0.276445, 0.537891, 16.8198
0.276445, 0.586462, 12.4977
0.276445, 0.635033, 8.76573
0.276445, 0.683604, 5.6066
0.276445, 0.732175, 3.47158
0.276445, 0.780747, 1.61428
0.276445, 0.829318, 0.711673
0.276445, 0.877889, 0.260368
0.276445, 0.92646, 0.260368
0.276445, 0.975031, 0.104147
0.326124, -0.919243, 0
0.326124, -0.870672, 0
0.326124, -0.822101, 0.0347158
0.326124, -0.77353, 0.104147
0.326124, -0.724959, 0.277726
0.326124, -0.676387, 0.954684
0.326124, -0.627816, 2.23917
0.326124, -0.579245, 5.45038
0.326124, -0.530674, 10.0502
0.326124, -0.482103, 16.1255
0.326124, -0.433532, 23.9192
0.326124, -0.384961, 33.0147
0.326124, -0.33639, 40.982
0.326124, -0.287818, 46.1373
0.326124, -0.239247, 50.0775
0.326124, -0.190676, 50.2858
0.326124, -0.142105, 53.011
0.326124, -0.0935339, 51.3446
0.326124, -0.0449627, 49.1402
0.326124, 0.00360839, 48.4285
0.326124, 0.0521795, 47.4391
0.326124, 0.100751, 42.1623
0.326124, 0.149322, 40.4092
0.326124, 0.197893, 36.2953
0.326124, 0.246464, 34.629
0.326124, 0.295035, 30.1333
0.326124, 0.343606, 26.7311
0.326124, 0.392177, 23.0166
0.326124, 0.440749, 19.8748
0.326124, 0.48932, 17.2537
0.326124, 0.537891, 14.4418
0.326124, 0.586462, 11.1785
0.326124, 0.635033, 8.27971
0.326124, 0.683604, 5.12058
0.326124, 0.732175, 3.26328
0.326124, 0.780747, 1.63164
0.326124, 0.829318, 0.711673
0.326124, 0.877889, 0.433947
0.326124, 0.92646, 0.190937
0.326124, 0.975031, 0.260368
0.375802, -0.919243, 0
0.375802, -0.870672, 0
0.375802, -0.822101, 0.0173579
0.375802, -0.77353, 0.0347158
0.375802, -0.724959, 0.138863
0.375802, -0.676387, 0.486021
0.375802, -0.627816, 1.23241
0.375802, -0.579245, 3.61044
0.375802, -0.530674, 6.9258
0.375802, -0.482103, 9.3559
0.375802, -0.433532, 15.1881
0.375802, -0.384961, 21.3502
0.375802, -0.33639, 28.5884
0.375802, -0.287818, 31.7649
0.375802, -0.239247, 35.9829
0.375802, -0.190676, 37.9096
0.375802, -0.142105, 37.3542
0.375802, -0.0935339, 37.8749
0.375802, -0.0449627, 36.3474
0.375802, 0.00360839, 35.2712
0.375802, 0.0521795, 33.6569
0.375802, 0.100751, 31.7302
0.375802, 0.149322, 30.3242
0.375802, 0.197893, 27.356
0.375802, 0.246464, 25.3252
0.375802, 0.295035, 22.2355
0.375802, 0.343606, 19.545
0.375802, 0.392177, 17.8439
0.375802, 0.440749, 16.0908
0.375802, 0.48932, 13.2441
0.375802, 0.537891, 11.4562
0.375802, 0.586462, 9.47741
0.375802, 0.635033, 6.57864
0.375802, 0.683604, 4.49569
0.375802, 0.732175, 2.67311
0.375802, 0.780747, 1.56221
0.375802, 0.829318, 0.746389
0.375802, 0.877889, 0.347158
0.375802, 0.92646, 0.399231
0.375802, 0.975031, 0.138863
0.425481, -0.919243, 0
0.425481, -0.870672, 0
0.425481, -0.822101, 0
0.425481, -0.77353, 0.0520737
0.425481, -0.724959, 0.173579
0.425481, -0.676387, 0.347158
0.425481, -0.627816, 0.6596
0.425481, -0.579245, 1.73579
0.425481, -0.530674, 3.71459
0.425481, -0.482103, 6.21412
0.425481, -0.433532, 9.94607
0.425481, -0.384961, 13.6607
0.425481, -0.33639, 17.0975
0.425481, -0.287818, 21.1419
0.425481, -0.239247, 23.4852
0.425481, -0.190676, 24.5441
0.425481, -0.142105, 25.9848
0.425481, -0.0935339, 26.627
0.425481, -0.0449627, 25.3425
0.425481, 0.00360839, 22.1487
0.425481, 0.0521795, 23.0686
0.425481, 0.100751, 22.8951
0.425481, 0.149322, 20.6038
0.425481, 0.197893, 19.5623
0.425481, 0.246464, 17.4794
0.425481, 0.295035, 16.0734
0.425481, 0.343606, 15.3097
0.425481, 0.392177, 13.3309
0.425481, 0.440749, 12.6192
0.425481, 0.48932, 9.65098
0.425481, 0.537891, 8.78309
0.425481, 0.586462, 7.22088
0.425481, 0.635033, 6.00583
0.425481, 0.683604, 3.54101
0.425481, 0.732175, 2.48218
0.425481, 0.780747, 1.42335
0.425481, 0.829318, 0.676958
0.425481, 0.877889, 0.399231
0.425481, 0.92646, 0.173579
0.425481, 0.975031, 0.225653
0.47516, -0.919243, 0
0.47516, -0.870672, 0
0.47516, -0.822101, 0
0.47516, -0.77353, 0.0173579
0.47516, -0.724959, 0.0347158
0.47516, -0.676387, 0.156221
0.47516, -0.627816, 0.57281
0.47516, -0.579245, 1.07619
0.47516, -0.530674, 1.94408
0.47516, -0.482103, 3.35007
0.47516, -0.433532, 5.9364
0.47516, -0.384961, 8.66158
0.47516, -0.33639, 9.65098
0.47516, -0.287818, 13.0184
0.47516, -0.239247, 14.0078
0.47516, -0.190676, 15.6395
0.47516, -0.142105, 15.9519
0.47516, -0.0935339, 15.7783
0.47516, -0.0449627, 16.9066
0.47516, 0.00360839, 14.4765
0.47516, 0.0521795, 14.7889
0.47516, 0.100751, 13.8342
0.47516, 0.149322, 13.3135
0.47516, 0.197893, 12.8796
0.47516, 0.246464, 11.8034
0.47516, 0.295035, 9.82456
0.47516, 0.343606, 10.2064
0.47516, 0.392177, 8.99138
0.47516, 0.440749, 7.62011
0.47516, 0.48932, 7.53332
0.47516, 0.537891, 6.94315
0.47516, 0.586462, 4.79078
0.47516, 0.635033, 4.68663
0.47516, 0.683604, 3.57572
0.47516, 0.732175, 1.83994
0.47516, 0.780747, 1.3192
0.47516, 0.829318, 0.57281
0.47516, 0.877889, 0.433947
0.47516, 0.92646, 0.190937
0.47516, 0.975031, 0.156221
0.524839, -0.919243, 0
0.524839, -0.870672, 0
0.524839, -0.822101, 0
0.524839, -0.77353, 0
0.524839, -0.724959, 0.0347158
0.524839, -0.676387, 0.0347158
0.524839, -0.627816, 0.24301
0.524839, -0.579245, 0.433947
0.524839, -0.530674, 1.05883
0.524839, -0.482103, 1.78786
0.524839, -0.433532, 3.0897
0.524839, -0.384961, 3.81873
0.524839, -0.33639, 6.35299
0.524839, -0.287818, 7.01259
0.524839, -0.239247, 8.6963
0.524839, -0.190676, 8.34914
0.524839, -0.142105, 9.21704
0.524839, -0.0935339, 8.5748
0.524839, -0.0449627, 9.16496
0.524839, 0.00360839, 8.26235
0.524839, 0.0521795, 8.17556
0.524839, 0.100751, 8.00199
0.524839, 0.149322, 7.49861
0.524839, 0.197893, 7.41182
0.524839, 0.246464, 6.96051
0.524839, 0.295035, 6.596
0.524839, 0.343606, 5.91904
0.524839, 0.392177, 5.10322
0.524839, 0.440749, 5.10322
0.524839, 0.48932, 5.0685
0.524839, 0.537891, 4.13118
0.524839, 0.586462, 3.47158
0.524839, 0.635033, 2.70783
0.524839, 0.683604, 2.34331
0.524839, 0.732175, 1.649
0.524839, 0.780747, 1.07619
0.524839, 0.829318, 0.555452
0.524839, 0.877889, 0.277726
0.524839, 0.92646, 0.208295
0.524839, 0.975031, 0.0694315
0.574517, -0.919243, 0
0.574517, -0.870672, 0
0.574517, -0.822101, 0
0.574517, -0.77353, 0
0.574517, -0.724959, 0.0173579
0.574517, -0.676387, 0.0520737
0.574517, -0.627816, 0.138863
0.574517, -0.579245, 0.312442
0.574517, -0.530674, 0.624884
0.574517, -0.482103, 0.729031
0.574517, -0.433532, 1.57957
0.574517, -0.384961, 2.01351
0.574517, -0.33639, 3.35007
0.574517, -0.287818, 4.04439
0.574517, -0.239247, 4.32211
0.574517, -0.190676, 4.72134
0.574517, -0.142105, 4.96436
0.574517, -0.0935339, 5.13793
0.574517, -0.0449627, 4.20061
0.574517, 0.00360839, 5.32887
0.574517, 0.0521795, 4.59984
0.574517, 0.100751, 4.20061
0.574517, 0.149322, 3.88817
0.574517, 0.197893, 4.11382
0.574517, 0.246464, 3.48894
0.574517, 0.295035, 3.298
0.574517, 0.343606, 2.88141
0.574517, 0.392177, 2.89877
0.574517, 0.440749, 2.55161
0.574517, 0.48932, 2.56897
0.574517, 0.537891, 2.1003
0.574517, 0.586462, 1.83994
0.574517, 0.635033, 2.04823
0.574517, 0.683604, 1.47542
0.574517, 0.732175, 0.885252
0.574517, 0.780747, 0.503379
0.574517, 0.829318, 0.433947
0.574517, 0.877889, 0.3298
0.574517, 0.92646, 0.138863
0.574517, 0.975031, 0.121505
0.624196, -0.919243, 0
0.624196, -0.870672, 0
0.624196, -0.822101, 0
0.624196, -0.77353, 0
0.624196, -0.724959, 0
0.624196, -0.676387, 0
0.624196, -0.627816, 0.0520737
0.624196, -0.579245, 0.0173579
0.624196, -0.530674, 0.295084
0.624196, -0.482103, 0.416589
0.624196, -0.433532, 0.746389
0.624196, -0.384961, 1.02412
0.624196, -0.33639, 1.80522
0.624196, -0.287818, 1.78786
0.624196, -0.239247, 2.49954
0.624196, -0.190676, 2.06559
0.624196, -0.142105, 2.4301
0.624196, -0.0935339, 2.03087
0.624196, -0.0449627, 2.58632
0.624196, 0.00360839, 2.34331
0.624196, 0.0521795, 2.13502
0.624196, 0.100751, 2.1003
0.624196, 0.149322, 1.94408
0.624196, 0.197893, 1.75315
0.624196, 0.246464, 2.03087
0.624196, 0.295035, 1.82258
0.624196, 0.343606, 1.56221
0.624196, 0.392177, 1.59693
0.624196, 0.440749, 1.90937
0.624196, 0.48932, 1.54485
0.624196, 0.537891, 1.40599
0.624196, 0.586462, 1.42335
0.624196, 0.635033, 0.867894
0.624196, 0.683604, 0.972042
0.624196, 0.732175, 0.6596
0.624196, 0.780747, 0.347158
0.624196, 0.829318, 0.399231
0.624196, 0.877889, 0.156221
0.624196, 0.92646, 0.138863
0.624196, 0.975031, 0.156221
0.673875, -0.919243, 0
0.673875, -0.870672, 0
0.673875, -0.822101, 0
0.673875, -0.77353, 0
0.673875, -0.724959, 0
0.673875, -0.676387, 0.0173579
0.673875, -0.627816, 0.0173579
0.673875, -0.579245, 0.0520737
0.673875, -0.530674, 0.0520737
0.673875, -0.482103, 0.208295
0.673875, -0.433532, 0.277726
0.673875, -0.384961, 0.451305
0.673875, -0.33639, 0.746389
0.673875, -0.287818, 0.989399
0.673875, -0.239247, 1.07619
0.673875, -0.190676, 0.850536
0.673875, -0.142105, 1.1109
0.673875, -0.0935339, 1.02412
0.673875, -0.0449627, 1.05883
0.673875, 0.00360839, 0.937326
0.673875, 0.0521795, 1.18034
0.673875, 0.100751, 0.815821
0.673875, 0.149322, 0.711673
0.673875, 0.197893, 1.04147
0.673875, 0.246464, 0.763747
0.673875, 0.295035, 0.885252
0.673875, 0.343606, 1.04147
0.673875, 0.392177, 0.867894
0.673875, 0.440749, 0.937326
0.673875, 0.48932, 0.798463
0.673875, 0.537891, 0.590168
0.673875, 0.586462, 0.746389
0.673875, 0.635033, 0.590168
0.673875, 0.683604, 0.763747
0.673875, 0.732175, 0.347158
0.673875, 0.780747, 0.208295
0.673875, 0.829318, 0.138863
0.673875, 0.877889, 0.0347158
0.673875, 0.92646, 0.0694315
0.673875, 0.975031, 0.0520737
0.723553, -0.919243, 0
0.723553, -0.870672, 0
0.723553, -0.822101, 0
0.723553, -0.77353, 0
0.723553, -0.724959, 0
0.723553, -0.676387, 0
0.723553, -0.627816, 0
0.723553, -0.579245, 0.0173579
0.723553, -0.530674, 0.0347158
0.723553, -0.482103, 0.0520737
0.723553, -0.433532, 0.0694315
0.723553, -0.384961, 0.173579
0.723553, -0.33639, 0.225653
0.723553, -0.287818, 0.295084
0.723553, -0.239247, 0.486021
0.723553, -0.190676, 0.468663
0.723553, -0.142105, 0.503379
0.723553, -0.0935339, 0.746389
0.723553, -0.0449627, 0.433947
0.723553, 0.00360839, 0.364516
0.723553, 0.0521795, 0.399231
0.723553, 0.100751, 0.295084
0.723553, 0.149322, 0.451305
0.723553, 0.197893, 0.381873
0.723553, 0.246464, 0.416589
0.723553, 0.295035, 0.590168
0.723553, 0.343606, 0.433947
0.723553, 0.392177, 0.624884
0.723553, 0.440749, 0.607526
0.723553, 0.48932, 0.433947
0.723553, 0.537891, 0.590168
0.723553, 0.586462, 0.590168
0.723553, 0.635033, 0.468663
0.723553, 0.683604, 0.364516
0.723553, 0.732175, 0.208295
0.723553, 0.780747, 0.121505
0.723553, 0.829318, 0.121505
0.723553, 0.877889, 0.0867894
0.723553, 0.92646, 0.0694315
0.723553, 0.975031, 0.0173579
0.773232, -0.919243, 0
0.773232, -0.870672, 0
0.773232, -0.822101, 0
0.773232, -0.77353, 0
0.773232, -0.724959, 0
0.773232, -0.676387, 0
0.773232, -0.627816, 0
0.773232, -0.579245, 0
0.773232, -0.530674, 0
0.773232, -0.482103, 0.0347158
0.773232, -0.433532, 0.121505
0.773232, -0.384961, 0.104147
0.773232, -0.33639, 0.156221
0.773232, -0.287818, 0.104147
0.773232, -0.239247, 0.173579
0.773232, -0.190676, 0.138863
0.773232, -0.142105, 0.138863
0.773232, -0.0935339, 0.225653
0.773232, -0.0449627, 0.208295
0.773232, 0.00360839, 0.208295
0.773232, 0.0521795, 0.138863
0.773232, 0.100751, 0.190937
0.773232, 0.149322, 0.225653
0.773232, 0.197893, 0.24301
0.773232, 0.246464, 0.277726
0.773232, 0.295035, 0.399231
0.773232, 0.343606, 0.173579
0.773232, 0.392177, 0.208295
0.773232, 0.440749, 0.3298
0.773232, 0.48932, 0.364516
0.773232, 0.537891, 0.277726
0.773232, 0.586462, 0.208295
0.773232, 0.635033, 0.173579
0.773232, 0.683604, 0.277726
0.773232, 0.732175, 0.173579
0.773232, 0.780747, 0.121505
0.773232, 0.829318, 0.0347158
0.773232, 0.877889, 0.0173579
0.773232, 0.92646, 0.0520737
0.773232, 0.975031, 0.0173579
0.822911, -0.919243, 0
0.822911, -0.870672, 0
0.822911, -0.822101, 0
0.822911, -0.77353, 0
0.822911, -0.724959, 0
0.822911, -0.676387, 0
0.822911, -0.627816, 0
0.822911, -0.579245, 0.0173579
0.822911, -0.530674, 0
0.822911, -0.482103, 0.0173579
0.822911, -0.433532, 0
0.822911, -0.384961, 0.0173579
0.822911, -0.33639, 0.0694315
0.822911, -0.287818, 0.0347158
0.822911, -0.239247, 0.0694315
0.822911, -0.190676, 0.0694315
0.822911, -0.142105, 0.0694315
0.822911, -0.0935339, 0.0520737
0.822911, -0.0449627, 0.0520737
0.822911, 0.00360839, 0.138863
0.822911, 0.0521795, 0.0867894
0.822911, 0.100751, 0.104147
0.822911, 0.149322, 0.104147
0.822911, 0.197893, 0.0694315
0.822911, 0.246464, 0.208295
0.822911, 0.295035, 0.138863
0.822911, 0.343606, 0.173579
0.822911, 0.392177, 0.138863
0.822911, 0.440749, 0.277726
0.822911, 0.48932, 0.225653
0.822911, 0.537891, 0.121505
0.822911, 0.586462, 0.190937
0.822911, 0.635033, 0.104147
0.822911, 0.683604, 0.138863
0.822911, 0.732175, 0.104147
0.822911, 0.780747, 0.0520737
0.822911, 0.829318, 0.0520737
0.822911, 0.877889, 0.0173579
0.822911, 0.92646, 0.0173579
0.822911, 0.975031, 0.0173579
0.872589, -0.919243, 0
0.872589, -0.870672, 0
0.872589, -0.822101, 0
0.872589, -0.77353, 0
0.872589, -0.724959, 0
0.872589, -0.676387, 0
0.872589, -0.627816, 0
0.872589, -0.579245, 0
0.872589, -0.530674, 0
0.872589, -0.482103, 0.0173579
0.872589, -0.433532, 0
0.872589, -0.384961, 0
0.872589, -0.33639, 0
0.872589, -0.287818, 0.0173579
0.872589, -0.239247, 0.0173579
0.872589, -0.190676, 0
0.872589, -0.142105, 0.0520737
0.872589, -0.0935339, 0.0520737
0.872589, -0.0449627, 0.0520737
0.872589, 0.00360839, 0.0173579
0.872589, 0.0521795, 0.121505
0.872589, 0.100751, 0.0347158
0.872589, 0.149322, 0.0173579
0.872589, 0.197893, 0.0867894
0.872589, 0.246464, 0.138863
0.872589, 0.295035, 0.0867894
0.872589, 0.343606, 0.0694315
0.872589, 0.392177, 0.0520737
0.872589, 0.440749, 0.0347158
0.872589, 0.48932, 0.0694315
0.872589, 0.537891, 0.0173579
0.872589, 0.586462, 0.156221
0.872589, 0.635033, 0.0173579
0.872589, 0.683604, 0.0173579
0.872589, 0.732175, 0.0173579
0.872589, 0.780747, 0
0.872589, 0.829318, 0.0173579
0.872589, 0.877889, 0
0.872589, 0.92646, 0
0.872589, 0.975031, 0.0173579
0.922268, -0.919243, 0
0.922268, -0.870672, 0
0.922268, -0.822101, 0
0.922268, -0.77353, 0
0.922268, -0.724959, 0
0.922268, -0.676387, 0
0.922268, -0.627816, 0
0.922268, -0.579245, 0
0.922268, -0.530674, 0
0.922268, -0.482103, 0
0.922268, -0.433532, 0
0.922268, -0.384961, 0
0.922268, -0.33639, 0.0173579
0.922268, -0.287818, 0
0.922268, -0.239247, 0
0.922268, -0.190676, 0
0.922268, -0.142105, 0.0173579
0.922268, -0.0935339, 0.0173579
0.922268, -0.0449627, 0.0520737
0.922268, 0.00360839, 0.0173579
0.922268, 0.0521795, 0.0520737
0.922268, 0.100751, 0
0.922268, 0.149322, 0.0520737
0.922268, 0.197893, 0.0520737
0.922268, 0.246464, 0.0173579
0.922268, 0.295035, 0.0347158
0.922268, 0.343606, 0.0173579
0.922268, 0.392177, 0.0347158
0.922268, 0.440749, 0.0173579
0.922268, 0.48932, 0.0347158
0.922268, 0.537891, 0.0520737
0.922268, 0.586462, 0.0347158
0.922268, 0.635033, 0.0173579
0.922268, 0.683604, 0
0.922268, 0.732175, 0
0.922268, 0.780747, 0
0.922268, 0.829318, 0.0173579
0.922268, 0.877889, 0
0.922268, 0.92646, 0
0.922268, 0.975031, 0
0.971947, -0.919243, 0
0.971947, -0.870672, 0
0.971947, -0.822101, 0
0.971947, -0.77353, 0
0.971947, -0.724959, 0
0.971947, -0.676387, 0
0.971947, -0.627816, 0
0.971947, -0.579245, 0
0.971947, -0.530674, 0
0.971947, -0.482103, 0
0.971947, -0.433532, 0
0.971947, -0.384961, 0
0.971947, -0.33639, 0.0173579
0.971947, -0.287818, 0.0173579
0.971947, -0.239247, 0
0.971947, -0.190676, 0
0.971947, -0.142105, 0
0.971947, -0.0935339, 0.0520737
0.971947, -0.0449627, 0.0173579
0.971947, 0.00360839, 0
0.971947, 0.0521795, 0.0173579
0.971947, 0.100751, 0.0173579
0.971947, 0.149322, 0
0.971947, 0.197893, 0
0.971947, 0.246464, 0.0173579
0.971947, 0.295035, 0.0173579
0.971947, 0.343606, 0
0.971947, 0.392177, 0
0.971947, 0.440749, 0.0173579
0.971947, 0.48932, 0.0173579
0.971947, 0.537891, 0
0.971947, 0.586462, 0.0347158
0.971947, 0.635033, 0.0173579
0.971947, 0.683604, 0
0.971947, 0.732175, 0
0.971947, 0.780747, 0
0.971947, 0.829318, 0
0.971947, 0.877889, 0
0.971947, 0.92646, 0
0.971947, 0.975031, 0
