id	Y-M-D h:m:s	cenit	acimut	declinacion	d	p1	p2	p3	r	hs:ms:ss
106, 2024-06-21 07:25:34, 66.5503, -104.7951, 23.4364, 386.3796, 2.2205, 0.0000, -0.3300, 2.2449, 06:59:00
106, 2024-06-21 07:26:34, 66.3393, -104.6980, 23.4364, 386.3796, 2.2178, 0.0000, -0.3266, 2.2418, 07:00:00
106, 2024-06-21 07:31:34, 65.2827, -104.2138, 23.4363, 386.3796, 2.2047, 0.0000, -0.3091, 2.2263, 07:05:00
106, 2024-06-21 07:36:34, 64.2238, -103.7316, 23.4363, 386.3796, 2.1922, 0.0000, -0.2904, 2.2114, 07:10:00
106, 2024-06-21 07:41:34, 63.1626, -103.2510, 23.4363, 386.3796, 2.1803, 0.0000, -0.2704, 2.1970, 07:15:00
106, 2024-06-21 07:46:34, 62.0992, -102.7717, 23.4363, 386.3796, 2.1690, 0.0000, -0.2492, 2.1833, 07:20:00
106, 2024-06-21 07:51:34, 61.0337, -102.2935, 23.4363, 386.3796, 2.1583, 0.0000, -0.2267, 2.1702, 07:25:00
106, 2024-06-21 07:56:34, 59.9662, -101.8160, 23.4363, 386.3796, 2.1481, 0.0000, -0.2032, 2.1577, 07:30:00
106, 2024-06-21 08:01:34, 58.8967, -101.3389, 23.4362, 386.3796, 2.1385, 0.0000, -0.1785, 2.1459, 07:35:00
106, 2024-06-21 08:06:34, 57.8254, -100.8619, 23.4362, 386.3796, 2.1295, 0.0000, -0.1526, 2.1349, 07:40:00
106, 2024-06-21 08:11:34, 56.7523, -100.3847, 23.4362, 386.3796, 2.1209, 0.0000, -0.1257, 2.1247, 07:45:00
106, 2024-06-21 08:16:34, 55.6775, -99.9069, 23.4362, 386.3796, 2.1129, 0.0000, -0.0978, 2.1152, 07:50:00
106, 2024-06-21 08:21:34, 54.6011, -99.4281, 23.4362, 386.3796, 2.1055, 0.0000, -0.0688, 2.1066, 07:55:00
106, 2024-06-21 08:26:34, 53.5231, -98.9480, 23.4361, 386.3796, 2.0985, 0.0000, -0.0388, 2.0988, 08:00:00
106, 2024-06-21 08:31:34, 52.4437, -98.4662, 23.4361, 386.3796, 2.0920, 0.0000, -0.0079, 2.0920, 08:05:00
106, 2024-06-21 08:36:34, 51.3629, -97.9822, 23.4361, 386.3796, 2.0860, 0.0000, 0.0240, 2.0861, 08:10:00
106, 2024-06-21 08:41:34, 50.2807, -97.4955, 23.4361, 386.3796, 2.0805, 0.0000, 0.0567, 2.0812, 08:15:00
106, 2024-06-21 08:46:34, 49.1974, -97.0058, 23.4361, 386.3796, 2.0754, 0.0000, 0.0903, 2.0774, 08:20:00
106, 2024-06-21 08:51:34, 48.1128, -96.5124, 23.4361, 386.3796, 2.0708, 0.0000, 0.1248, 2.0745, 08:25:00
106, 2024-06-21 08:56:34, 47.0271, -96.0148, 23.4360, 386.3796, 2.0666, 0.0000, 0.1600, 2.0728, 08:30:00
106, 2024-06-21 09:01:34, 45.9405, -95.5125, 23.4360, 386.3796, 2.0629, 0.0000, 0.1959, 2.0722, 08:35:00
106, 2024-06-21 09:06:34, 44.8528, -95.0047, 23.4360, 386.3796, 2.0596, 0.0000, 0.2326, 2.0727, 08:40:00
106, 2024-06-21 09:11:34, 43.7643, -94.4908, 23.4360, 386.3796, 2.0567, 0.0000, 0.2699, 2.0743, 08:45:00
106, 2024-06-21 09:16:34, 42.6750, -93.9700, 23.4360, 386.3796, 2.0542, 0.0000, 0.3078, 2.0771, 08:50:00
106, 2024-06-21 09:21:34, 41.5850, -93.4416, 23.4359, 386.3796, 2.0521, 0.0000, 0.3463, 2.0811, 08:55:00
106, 2024-06-21 09:26:34, 40.4944, -92.9046, 23.4359, 386.3796, 2.0504, 0.0000, 0.3852, 2.0863, 09:00:00
106, 2024-06-21 09:31:34, 39.4032, -92.3579, 23.4359, 386.3796, 2.0491, 0.0000, 0.4247, 2.0926, 09:05:00
106, 2024-06-21 09:36:34, 38.3116, -91.8006, 23.4359, 386.3796, 2.0481, 0.0000, 0.4645, 2.1001, 09:10:00
106, 2024-06-21 09:41:34, 37.2196, -91.2314, 23.4359, 386.3796, 2.0475, 0.0000, 0.5047, 2.1088, 09:15:00
106, 2024-06-21 09:46:34, 36.1274, -90.6490, 23.4358, 386.3796, 2.0473, 0.0000, 0.5452, 2.1186, 09:20:00
106, 2024-06-21 09:51:34, 35.0350, -90.0518, 23.4358, 386.3796, 2.0474, 0.0000, 0.5860, 2.1296, 09:25:00
106, 2024-06-21 09:56:34, 33.9427, -89.4382, 23.4358, 386.3796, 2.0478, 0.0000, 0.6269, 2.1416, 09:30:00
106, 2024-06-21 10:01:34, 32.8504, -88.8063, 23.4358, 386.3796, 2.0486, 0.0000, 0.6680, 2.1548, 09:35:00
106, 2024-06-21 10:06:34, 31.7583, -88.1540, 23.4358, 386.3796, 2.0497, 0.0000, 0.7092, 2.1689, 09:40:00
106, 2024-06-21 10:11:34, 30.6667, -87.4788, 23.4357, 386.3796, 2.0511, 0.0000, 0.7504, 2.1841, 09:45:00
106, 2024-06-21 10:16:34, 29.5756, -86.7779, 23.4357, 386.3796, 2.0529, 0.0000, 0.7916, 2.2002, 09:50:00
106, 2024-06-21 10:21:34, 28.4853, -86.0482, 23.4357, 386.3796, 2.0549, 0.0000, 0.8327, 2.2172, 09:55:00
106, 2024-06-21 10:26:34, 27.3960, -85.2861, 23.4357, 386.3796, 2.0572, 0.0000, 0.8737, 2.2351, 10:00:00
106, 2024-06-21 10:31:34, 26.3079, -84.4872, 23.4357, 386.3796, 2.0599, 0.0000, 0.9145, 2.2538, 10:05:00
106, 2024-06-21 10:36:34, 25.2213, -83.6467, 23.4356, 386.3796, 2.0628, 0.0000, 0.9551, 2.2732, 10:10:00
106, 2024-06-21 10:41:34, 24.1365, -82.7588, 23.4356, 386.3796, 2.0660, 0.0000, 0.9954, 2.2933, 10:15:00
106, 2024-06-21 10:46:34, 23.0539, -81.8166, 23.4356, 386.3796, 2.0695, 0.0000, 1.0354, 2.3140, 10:20:00
106, 2024-06-21 10:51:34, 21.9739, -80.8120, 23.4356, 386.3796, 2.0732, 0.0000, 1.0750, 2.3353, 10:25:00
106, 2024-06-21 10:56:34, 20.8971, -79.7354, 23.4356, 386.3796, 2.0772, 0.0000, 1.1142, 2.3572, 10:30:00
106, 2024-06-21 11:01:34, 19.8241, -78.5749, 23.4355, 386.3796, 2.0815, 0.0000, 1.1529, 2.3795, 10:35:00
106, 2024-06-21 11:06:34, 18.7557, -77.3165, 23.4355, 386.3796, 2.0860, 0.0000, 1.1912, 2.4022, 10:40:00
106, 2024-06-21 11:11:34, 17.6927, -75.9426, 23.4355, 386.3796, 2.0908, 0.0000, 1.2289, 2.4252, 10:45:00
106, 2024-06-21 11:16:34, 16.6365, -74.4317, 23.4355, 386.3796, 2.0958, 0.0000, 1.2660, 2.4485, 10:50:00
106, 2024-06-21 11:21:34, 15.5884, -72.7569, 23.4354, 386.3796, 2.1011, 0.0000, 1.3025, 2.4721, 10:55:00
106, 2024-06-21 11:26:34, 14.5504, -70.8843, 23.4354, 386.3796, 2.1066, 0.0000, 1.3384, 2.4958, 11:00:00
106, 2024-06-21 11:31:34, 13.5248, -68.7708, 23.4354, 386.3796, 2.1123, 0.0000, 1.3737, 2.5197, 11:05:00
106, 2024-06-21 11:36:34, 12.5148, -66.3610, 23.4354, 386.3796, 2.1183, 0.0000, 1.4082, 2.5436, 11:10:00
106, 2024-06-21 11:41:34, 11.5247, -63.5834, 23.4354, 386.3796, 2.1244, 0.0000, 1.4421, 2.5676, 11:15:00
106, 2024-06-21 11:46:34, 10.5601, -60.3451, 23.4353, 386.3796, 2.1308, 0.0000, 1.4752, 2.5916, 11:20:00
106, 2024-06-21 11:51:34, 9.6288, -56.5255, 23.4353, 386.3796, 2.1374, 0.0000, 1.5075, 2.6156, 11:25:00
106, 2024-06-21 11:56:34, 8.7417, -51.9703, 23.4353, 386.3796, 2.1442, 0.0000, 1.5391, 2.6394, 11:30:00
106, 2024-06-21 12:01:34, 7.9135, -46.4878, 23.4353, 386.3796, 2.1512, 0.0000, 1.5699, 2.6631, 11:35:00
106, 2024-06-21 12:06:34, 7.1650, -39.8579, 23.4353, 386.3796, 2.1584, 0.0000, 1.5998, 2.6867, 11:40:00
106, 2024-06-21 12:11:34, 6.5236, -31.8691, 23.4352, 386.3796, 2.1657, 0.0000, 1.6290, 2.7100, 11:45:00
106, 2024-06-21 12:16:34, 6.0237, -22.4095, 23.4352, 386.3796, 2.1733, 0.0000, 1.6574, 2.7331, 11:50:00
106, 2024-06-21 12:21:34, 5.7028, -11.6157, 23.4352, 386.3796, 2.1810, 0.0000, 1.6849, 2.7560, 11:55:00
106, 2024-06-21 12:26:34, 5.5917, 0.0002, 23.4352, 386.3796, 2.1889, 0.0000, 1.7116, 2.7786, 12:00:00
106, 2024-06-21 12:31:34, 5.7028, 11.6161, 23.4351, 386.3796, 2.1969, 0.0000, 1.7374, 2.8009, 12:05:00
106, 2024-06-21 12:36:34, 6.0238, 22.4096, 23.4351, 386.3796, 2.2051, 0.0000, 1.7624, 2.8228, 12:10:00
106, 2024-06-21 12:41:34, 6.5237, 31.8689, 23.4351, 386.3796, 2.2134, 0.0000, 1.7865, 2.8444, 12:15:00
106, 2024-06-21 12:46:34, 7.1651, 39.8573, 23.4351, 386.3796, 2.2219, 0.0000, 1.8098, 2.8657, 12:20:00
106, 2024-06-21 12:51:34, 7.9137, 46.4869, 23.4351, 386.3796, 2.2304, 0.0000, 1.8323, 2.8865, 12:25:00
106, 2024-06-21 12:56:34, 8.7419, 51.9692, 23.4350, 386.3796, 2.2392, 0.0000, 1.8538, 2.9070, 12:30:00
106, 2024-06-21 13:01:34, 9.6291, 56.5242, 23.4350, 386.3796, 2.2480, 0.0000, 1.8746, 2.9270, 12:35:00
106, 2024-06-21 13:06:34, 10.5603, 60.3436, 23.4350, 386.3796, 2.2569, 0.0000, 1.8945, 2.9466, 12:40:00
106, 2024-06-21 13:11:34, 11.5249, 63.5818, 23.4350, 386.3796, 2.2659, 0.0000, 1.9136, 2.9658, 12:45:00
106, 2024-06-21 13:16:34, 12.5151, 66.3593, 23.4349, 386.3796, 2.2750, 0.0000, 1.9318, 2.9845, 12:50:00
106, 2024-06-21 13:21:34, 13.5250, 68.7690, 23.4349, 386.3796, 2.2842, 0.0000, 1.9492, 3.0028, 12:55:00
106, 2024-06-21 13:26:34, 14.5506, 70.8825, 23.4349, 386.3796, 2.2934, 0.0000, 1.9658, 3.0206, 13:00:00
106, 2024-06-21 13:31:34, 15.5887, 72.7550, 23.4349, 386.3796, 2.3027, 0.0000, 1.9815, 3.0379, 13:05:00
106, 2024-06-21 13:36:34, 16.6368, 74.4298, 23.4348, 386.3796, 2.3121, 0.0000, 1.9965, 3.0548, 13:10:00
106, 2024-06-21 13:41:34, 17.6930, 75.9406, 23.4348, 386.3796, 2.3215, 0.0000, 2.0106, 3.0712, 13:15:00
106, 2024-06-21 13:46:34, 18.7560, 77.3145, 23.4348, 386.3796, 2.3310, 0.0000, 2.0240, 3.0870, 13:20:00
106, 2024-06-21 13:51:34, 19.8244, 78.5729, 23.4348, 386.3796, 2.3404, 0.0000, 2.0365, 3.1024, 13:25:00
106, 2024-06-21 13:56:34, 20.8974, 79.7333, 23.4347, 386.3796, 2.3499, 0.0000, 2.0483, 3.1173, 13:30:00
106, 2024-06-21 14:01:34, 21.9742, 80.8099, 23.4347, 386.3796, 2.3594, 0.0000, 2.0593, 3.1317, 13:35:00
106, 2024-06-21 14:06:34, 23.0542, 81.8145, 23.4347, 386.3796, 2.3689, 0.0000, 2.0696, 3.1456, 13:40:00
106, 2024-06-21 14:11:34, 24.1368, 82.7567, 23.4347, 386.3796, 2.3784, 0.0000, 2.0791, 3.1590, 13:45:00
106, 2024-06-21 14:16:34, 25.2216, 83.6446, 23.4346, 386.3796, 2.3879, 0.0000, 2.0878, 3.1719, 13:50:00
106, 2024-06-21 14:21:34, 26.3083, 84.4851, 23.4346, 386.3796, 2.3973, 0.0000, 2.0958, 3.1843, 13:55:00
106, 2024-06-21 14:26:34, 27.3964, 85.2839, 23.4346, 386.3796, 2.4067, 0.0000, 2.1031, 3.1961, 14:00:00
106, 2024-06-21 14:31:34, 28.4857, 86.0460, 23.4346, 386.3796, 2.4161, 0.0000, 2.1097, 3.2075, 14:05:00
106, 2024-06-21 14:36:34, 29.5761, 86.7757, 23.4346, 386.3796, 2.4254, 0.0000, 2.1155, 3.2184, 14:10:00
106, 2024-06-21 14:41:34, 30.6671, 87.4765, 23.4345, 386.3796, 2.4346, 0.0000, 2.1207, 3.2287, 14:15:00
106, 2024-06-21 14:46:34, 31.7588, 88.1517, 23.4345, 386.3796, 2.4438, 0.0000, 2.1251, 3.2386, 14:20:00
106, 2024-06-21 14:51:34, 32.8508, 88.8040, 23.4345, 386.3796, 2.4529, 0.0000, 2.1289, 3.2479, 14:25:00
106, 2024-06-21 14:56:34, 33.9431, 89.4359, 23.4345, 386.3796, 2.4619, 0.0000, 2.1320, 3.2567, 14:30:00
106, 2024-06-21 15:01:34, 35.0355, 90.0495, 23.4344, 386.3796, 2.4708, 0.0000, 2.1344, 3.2650, 14:35:00
106, 2024-06-21 15:06:34, 36.1279, 90.6467, 23.4344, 386.3796, 2.4796, 0.0000, 2.1362, 3.2729, 14:40:00
106, 2024-06-21 15:11:34, 37.2201, 91.2291, 23.4344, 386.3796, 2.4883, 0.0000, 2.1373, 3.2802, 14:45:00
106, 2024-06-21 15:16:34, 38.3121, 91.7983, 23.4344, 386.3796, 2.4969, 0.0000, 2.1377, 3.2870, 14:50:00
106, 2024-06-21 15:21:34, 39.4038, 92.3556, 23.4343, 386.3796, 2.5053, 0.0000, 2.1376, 3.2933, 14:55:00
106, 2024-06-21 15:26:34, 40.4949, 92.9022, 23.4343, 386.3796, 2.5137, 0.0000, 2.1368, 3.2991, 15:00:00
106, 2024-06-21 15:31:34, 41.5856, 93.4392, 23.4343, 386.3796, 2.5218, 0.0000, 2.1354, 3.3045, 15:05:00
106, 2024-06-21 15:36:34, 42.6756, 93.9677, 23.4342, 386.3796, 2.5298, 0.0000, 2.1334, 3.3093, 15:10:00
106, 2024-06-21 15:41:34, 43.7649, 94.4884, 23.4342, 386.3796, 2.5377, 0.0000, 2.1307, 3.3136, 15:15:00
106, 2024-06-21 15:46:34, 44.8534, 95.0023, 23.4342, 386.3796, 2.5454, 0.0000, 2.1275, 3.3174, 15:20:00
106, 2024-06-21 15:51:34, 45.9411, 95.5100, 23.4342, 386.3796, 2.5529, 0.0000, 2.1237, 3.3208, 15:25:00
106, 2024-06-21 15:56:34, 47.0278, 96.0124, 23.4341, 386.3796, 2.5602, 0.0000, 2.1193, 3.3236, 15:30:00
106, 2024-06-21 16:01:34, 48.1135, 96.5099, 23.4341, 386.3796, 2.5674, 0.0000, 2.1144, 3.3260, 15:35:00
106, 2024-06-21 16:06:34, 49.1980, 97.0033, 23.4341, 386.3796, 2.5743, 0.0000, 2.1089, 3.3278, 15:40:00
106, 2024-06-21 16:11:34, 50.2814, 97.4931, 23.4341, 386.3796, 2.5811, 0.0000, 2.1028, 3.3292, 15:45:00
106, 2024-06-21 16:16:34, 51.3636, 97.9797, 23.4340, 386.3796, 2.5876, 0.0000, 2.0962, 3.3301, 15:50:00
106, 2024-06-21 16:21:34, 52.4444, 98.4637, 23.4340, 386.3796, 2.5939, 0.0000, 2.0890, 3.3306, 15:55:00
106, 2024-06-21 16:26:34, 53.5239, 98.9455, 23.4340, 386.3796, 2.6000, 0.0000, 2.0813, 3.3305, 16:00:00
106, 2024-06-21 16:31:34, 54.6019, 99.4256, 23.4340, 386.3796, 2.6059, 0.0000, 2.0731, 3.3300, 16:05:00
106, 2024-06-21 16:36:34, 55.6783, 99.9044, 23.4339, 386.3796, 2.6115, 0.0000, 2.0644, 3.3290, 16:10:00
106, 2024-06-21 16:41:34, 56.7531, 100.3821, 23.4339, 386.3796, 2.6169, 0.0000, 2.0552, 3.3275, 16:15:00
106, 2024-06-21 16:46:34, 57.8262, 100.8593, 23.4339, 386.3796, 2.6221, 0.0000, 2.0454, 3.3255, 16:20:00
106, 2024-06-21 16:51:34, 58.8976, 101.3363, 23.4339, 386.3796, 2.6270, 0.0000, 2.0352, 3.3231, 16:25:00
106, 2024-06-21 16:56:34, 59.9671, 101.8134, 23.4338, 386.3796, 2.6316, 0.0000, 2.0244, 3.3202, 16:30:00
106, 2024-06-21 17:01:34, 61.0346, 102.2909, 23.4338, 386.3796, 2.6360, 0.0000, 2.0132, 3.3168, 16:35:00
106, 2024-06-21 17:06:34, 62.1002, 102.7691, 23.4338, 386.3796, 2.6401, 0.0000, 2.0015, 3.3130, 16:40:00
106, 2024-06-21 17:11:34, 63.1636, 103.2483, 23.4337, 386.3796, 2.6439, 0.0000, 1.9894, 3.3087, 16:45:00
106, 2024-06-21 17:16:34, 64.2249, 103.7289, 23.4337, 386.3796, 2.6474, 0.0000, 1.9768, 3.3040, 16:50:00
106, 2024-06-21 17:21:34, 65.2838, 104.2112, 23.4337, 386.3796, 2.6507, 0.0000, 1.9637, 3.2988, 16:55:00
106, 2024-08-06 07:48:24, 65.3089, -95.8243, 16.4448, 386.3796, 2.4040, 0.0000, -0.0912, 2.4057, 07:18:00
106, 2024-08-06 07:53:24, 64.2229, -95.2664, 16.4438, 386.3796, 2.3902, 0.0000, -0.0768, 2.3914, 07:23:00
106, 2024-08-06 07:58:24, 63.1358, -94.7058, 16.4428, 386.3796, 2.3770, 0.0000, -0.0610, 2.3778, 07:28:00
106, 2024-08-06 08:03:24, 62.0478, -94.1418, 16.4419, 386.3796, 2.3644, 0.0000, -0.0440, 2.3648, 07:33:00
106, 2024-08-06 08:08:24, 60.9589, -93.5741, 16.4409, 386.3796, 2.3523, 0.0000, -0.0258, 2.3525, 07:38:00
106, 2024-08-06 08:13:24, 59.8692, -93.0020, 16.4399, 386.3796, 2.3408, 0.0000, -0.0064, 2.3408, 07:43:00
106, 2024-08-06 08:18:24, 58.7789, -92.4250, 16.4389, 386.3796, 2.3299, 0.0000, 0.0142, 2.3299, 07:48:00
106, 2024-08-06 08:23:24, 57.6881, -91.8425, 16.4380, 386.3796, 2.3194, 0.0000, 0.0359, 2.3197, 07:53:00
106, 2024-08-06 08:28:24, 56.5968, -91.2539, 16.4370, 386.3796, 2.3095, 0.0000, 0.0588, 2.3103, 07:58:00
106, 2024-08-06 08:30:24, 56.1602, -91.0166, 16.4366, 386.3796, 2.3057, 0.0000, 0.0682, 2.3067, 08:00:00
106, 2024-08-06 08:35:24, 55.0685, -90.4183, 16.4356, 386.3796, 2.2965, 0.0000, 0.0925, 2.2984, 08:05:00
106, 2024-08-06 08:40:24, 53.9767, -89.8121, 16.4347, 386.3796, 2.2879, 0.0000, 0.1178, 2.2909, 08:10:00
106, 2024-08-06 08:45:24, 52.8849, -89.1974, 16.4337, 386.3796, 2.2797, 0.0000, 0.1440, 2.2842, 08:15:00
106, 2024-08-06 08:50:24, 51.7932, -88.5733, 16.4327, 386.3796, 2.2720, 0.0000, 0.1713, 2.2785, 08:20:00
106, 2024-08-06 08:55:24, 50.7018, -87.9389, 16.4318, 386.3796, 2.2648, 0.0000, 0.1994, 2.2736, 08:25:00
106, 2024-08-06 09:00:24, 49.6108, -87.2932, 16.4308, 386.3796, 2.2581, 0.0000, 0.2284, 2.2697, 08:30:00
106, 2024-08-06 09:05:24, 48.5203, -86.6352, 16.4298, 386.3796, 2.2519, 0.0000, 0.2582, 2.2667, 08:35:00
106, 2024-08-06 09:10:24, 47.4306, -85.9638, 16.4289, 386.3796, 2.2461, 0.0000, 0.2888, 2.2646, 08:40:00
106, 2024-08-06 09:15:24, 46.3417, -85.2779, 16.4279, 386.3796, 2.2408, 0.0000, 0.3201, 2.2636, 08:45:00
106, 2024-08-06 09:20:24, 45.2539, -84.5761, 16.4269, 386.3796, 2.2359, 0.0000, 0.3522, 2.2635, 08:50:00
106, 2024-08-06 09:25:24, 44.1674, -83.8570, 16.4259, 386.3796, 2.2315, 0.0000, 0.3849, 2.2645, 08:55:00
106, 2024-08-06 09:30:24, 43.0823, -83.1191, 16.4250, 386.3796, 2.2275, 0.0000, 0.4183, 2.2664, 09:00:00
106, 2024-08-06 09:35:24, 41.9990, -82.3608, 16.4240, 386.3796, 2.2239, 0.0000, 0.4522, 2.2694, 09:05:00
106, 2024-08-06 09:40:24, 40.9175, -81.5800, 16.4230, 386.3796, 2.2207, 0.0000, 0.4866, 2.2734, 09:10:00
106, 2024-08-06 09:45:24, 39.8383, -80.7750, 16.4221, 386.3796, 2.2179, 0.0000, 0.5216, 2.2784, 09:15:00
106, 2024-08-06 09:50:24, 38.7615, -79.9435, 16.4211, 386.3796, 2.2156, 0.0000, 0.5569, 2.2845, 09:20:00
106, 2024-08-06 09:55:24, 37.6876, -79.0829, 16.4201, 386.3796, 2.2136, 0.0000, 0.5927, 2.2915, 09:25:00
106, 2024-08-06 10:00:24, 36.6168, -78.1908, 16.4191, 386.3796, 2.2120, 0.0000, 0.6288, 2.2996, 09:30:00
106, 2024-08-06 10:05:24, 35.5496, -77.2639, 16.4182, 386.3796, 2.2107, 0.0000, 0.6651, 2.3086, 09:35:00
106, 2024-08-06 10:10:24, 34.4863, -76.2992, 16.4172, 386.3796, 2.2098, 0.0000, 0.7018, 2.3186, 09:40:00
106, 2024-08-06 10:15:24, 33.4275, -75.2929, 16.4162, 386.3796, 2.2093, 0.0000, 0.7386, 2.3295, 09:45:00
106, 2024-08-06 10:20:24, 32.3737, -74.2409, 16.4153, 386.3796, 2.2091, 0.0000, 0.7755, 2.3413, 09:50:00
106, 2024-08-06 10:25:24, 31.3255, -73.1387, 16.4143, 386.3796, 2.2093, 0.0000, 0.8126, 2.3540, 09:55:00
106, 2024-08-06 10:30:24, 30.2835, -71.9811, 16.4133, 386.3796, 2.2098, 0.0000, 0.8497, 2.3675, 10:00:00
106, 2024-08-06 10:35:24, 29.2485, -70.7625, 16.4124, 386.3796, 2.2106, 0.0000, 0.8867, 2.3818, 10:05:00
106, 2024-08-06 10:40:24, 28.2214, -69.4764, 16.4114, 386.3796, 2.2117, 0.0000, 0.9238, 2.3969, 10:10:00
106, 2024-08-06 10:45:24, 27.2031, -68.1156, 16.4104, 386.3796, 2.2132, 0.0000, 0.9607, 2.4127, 10:15:00
106, 2024-08-06 10:50:24, 26.1948, -66.6719, 16.4094, 386.3796, 2.2150, 0.0000, 0.9975, 2.4292, 10:20:00
106, 2024-08-06 10:55:24, 25.1978, -65.1362, 16.4085, 386.3796, 2.2170, 0.0000, 1.0341, 2.4463, 10:25:00
106, 2024-08-06 11:00:24, 24.2135, -63.4983, 16.4075, 386.3796, 2.2194, 0.0000, 1.0705, 2.4640, 10:30:00
106, 2024-08-06 11:05:24, 23.2437, -61.7465, 16.4065, 386.3796, 2.2220, 0.0000, 1.1065, 2.4823, 10:35:00
106, 2024-08-06 11:10:24, 22.2903, -59.8678, 16.4055, 386.3796, 2.2249, 0.0000, 1.1423, 2.5010, 10:40:00
106, 2024-08-06 11:15:24, 21.3555, -57.8478, 16.4046, 386.3796, 2.2281, 0.0000, 1.1777, 2.5202, 10:45:00
106, 2024-08-06 11:20:24, 20.4421, -55.6702, 16.4036, 386.3796, 2.2315, 0.0000, 1.2127, 2.5398, 10:50:00
106, 2024-08-06 11:25:24, 19.5531, -53.3174, 16.4026, 386.3796, 2.2353, 0.0000, 1.2473, 2.5597, 10:55:00
106, 2024-08-06 11:30:24, 18.6920, -50.7700, 16.4017, 386.3796, 2.2392, 0.0000, 1.2815, 2.5800, 11:00:00
106, 2024-08-06 11:35:24, 17.8630, -48.0074, 16.4007, 386.3796, 2.2434, 0.0000, 1.3151, 2.6005, 11:05:00
106, 2024-08-06 11:40:24, 17.0708, -45.0081, 16.3997, 386.3796, 2.2479, 0.0000, 1.3482, 2.6212, 11:10:00
106, 2024-08-06 11:45:24, 16.3207, -41.7510, 16.3987, 386.3796, 2.2526, 0.0000, 1.3807, 2.6421, 11:15:00
106, 2024-08-06 11:50:24, 15.6191, -38.2160, 16.3978, 386.3796, 2.2575, 0.0000, 1.4127, 2.6631, 11:20:00
106, 2024-08-06 11:55:24, 14.9727, -34.3867, 16.3968, 386.3796, 2.2626, 0.0000, 1.4440, 2.6842, 11:25:00
106, 2024-08-06 12:00:24, 14.3890, -30.2526, 16.3958, 386.3796, 2.2680, 0.0000, 1.4747, 2.7053, 11:30:00
106, 2024-08-06 12:05:24, 13.8760, -25.8125, 16.3949, 386.3796, 2.2735, 0.0000, 1.5048, 2.7264, 11:35:00
106, 2024-08-06 12:10:24, 13.4418, -21.0778, 16.3939, 386.3796, 2.2793, 0.0000, 1.5342, 2.7475, 11:40:00
106, 2024-08-06 12:15:24, 13.0944, -16.0758, 16.3929, 386.3796, 2.2852, 0.0000, 1.5629, 2.7685, 11:45:00
106, 2024-08-06 12:20:24, 12.8407, -10.8516, 16.3919, 386.3796, 2.2914, 0.0000, 1.5909, 2.7895, 11:50:00
106, 2024-08-06 12:25:24, 12.6864, -5.4676, 16.3910, 386.3796, 2.2977, 0.0000, 1.6181, 2.8103, 11:55:00
106, 2024-08-06 12:30:24, 12.6352, -0.0001, 16.3900, 386.3796, 2.3042, 0.0000, 1.6447, 2.8309, 12:00:00
106, 2024-08-06 12:35:24, 12.6883, 5.4667, 16.3890, 386.3796, 2.3108, 0.0000, 1.6704, 2.8513, 12:05:00
106, 2024-08-06 12:40:24, 12.8445, 10.8485, 16.3880, 386.3796, 2.3176, 0.0000, 1.6955, 2.8716, 12:10:00
106, 2024-08-06 12:45:24, 13.1000, 16.0692, 16.3871, 386.3796, 2.3246, 0.0000, 1.7197, 2.8915, 12:15:00
106, 2024-08-06 12:50:24, 13.4492, 21.0667, 16.3861, 386.3796, 2.3317, 0.0000, 1.7432, 2.9113, 12:20:00
106, 2024-08-06 12:55:24, 13.8849, 25.7963, 16.3851, 386.3796, 2.3389, 0.0000, 1.7659, 2.9307, 12:25:00
106, 2024-08-06 13:00:24, 14.3994, 30.2309, 16.3842, 386.3796, 2.3462, 0.0000, 1.7879, 2.9498, 12:30:00
106, 2024-08-06 13:05:24, 14.9844, 34.3595, 16.3832, 386.3796, 2.3537, 0.0000, 1.8090, 2.9686, 12:35:00
106, 2024-08-06 13:10:24, 15.6319, 38.1834, 16.3822, 386.3796, 2.3613, 0.0000, 1.8294, 2.9870, 12:40:00
106, 2024-08-06 13:15:24, 16.3346, 41.7131, 16.3812, 386.3796, 2.3690, 0.0000, 1.8489, 3.0051, 12:45:00
106, 2024-08-06 13:20:24, 17.0856, 44.9654, 16.3803, 386.3796, 2.3767, 0.0000, 1.8677, 3.0228, 12:50:00
106, 2024-08-06 13:25:24, 17.8787, 47.9601, 16.3793, 386.3796, 2.3846, 0.0000, 1.8857, 3.0401, 12:55:00
106, 2024-08-06 13:30:24, 18.7085, 50.7186, 16.3783, 386.3796, 2.3925, 0.0000, 1.9029, 3.0570, 13:00:00
106, 2024-08-06 13:35:24, 19.5703, 53.2622, 16.3773, 386.3796, 2.4005, 0.0000, 1.9193, 3.0735, 13:05:00
106, 2024-08-06 13:40:24, 20.4600, 55.6115, 16.3764, 386.3796, 2.4085, 0.0000, 1.9350, 3.0895, 13:10:00
106, 2024-08-06 13:45:24, 21.3741, 57.7859, 16.3754, 386.3796, 2.4166, 0.0000, 1.9498, 3.1051, 13:15:00
106, 2024-08-06 13:50:24, 22.3094, 59.8031, 16.3744, 386.3796, 2.4247, 0.0000, 1.9639, 3.1203, 13:20:00
106, 2024-08-06 13:55:24, 23.2634, 61.6792, 16.3735, 386.3796, 2.4329, 0.0000, 1.9772, 3.1350, 13:25:00
106, 2024-08-06 14:00:24, 24.2338, 63.4287, 16.3725, 386.3796, 2.4411, 0.0000, 1.9898, 3.1493, 13:30:00
106, 2024-08-06 14:05:24, 25.2186, 65.0645, 16.3715, 386.3796, 2.4492, 0.0000, 2.0016, 3.1631, 13:35:00
106, 2024-08-06 14:10:24, 26.2161, 66.5982, 16.3705, 386.3796, 2.4574, 0.0000, 2.0126, 3.1764, 13:40:00
106, 2024-08-06 14:15:24, 27.2249, 68.0400, 16.3696, 386.3796, 2.4656, 0.0000, 2.0229, 3.1893, 13:45:00
106, 2024-08-06 14:20:24, 28.2436, 69.3992, 16.3686, 386.3796, 2.4738, 0.0000, 2.0325, 3.2016, 13:50:00
106, 2024-08-06 14:25:24, 29.2713, 70.6838, 16.3676, 386.3796, 2.4819, 0.0000, 2.0413, 3.2135, 13:55:00
106, 2024-08-06 14:30:24, 30.3067, 71.9010, 16.3666, 386.3796, 2.4900, 0.0000, 2.0493, 3.2249, 14:00:00
106, 2024-08-06 14:35:24, 31.3492, 73.0572, 16.3657, 386.3796, 2.4981, 0.0000, 2.0567, 3.2358, 14:05:00
106, 2024-08-06 14:40:24, 32.3980, 74.1581, 16.3647, 386.3796, 2.5061, 0.0000, 2.0633, 3.2462, 14:10:00
106, 2024-08-06 14:45:24, 33.4523, 75.2089, 16.3637, 386.3796, 2.5140, 0.0000, 2.0693, 3.2561, 14:15:00
106, 2024-08-06 14:50:24, 34.5117, 76.2141, 16.3627, 386.3796, 2.5219, 0.0000, 2.0745, 3.2655, 14:20:00
106, 2024-08-06 14:55:24, 35.5754, 77.1778, 16.3618, 386.3796, 2.5297, 0.0000, 2.0790, 3.2744, 14:25:00
106, 2024-08-06 15:00:24, 36.6432, 78.1035, 16.3608, 386.3796, 2.5374, 0.0000, 2.0829, 3.2828, 14:30:00
106, 2024-08-06 15:05:24, 37.7145, 78.9947, 16.3598, 386.3796, 2.5450, 0.0000, 2.0861, 3.2907, 14:35:00
106, 2024-08-06 15:10:24, 38.7890, 79.8543, 16.3588, 386.3796, 2.5525, 0.0000, 2.0886, 3.2981, 14:40:00
106, 2024-08-06 15:15:24, 39.8663, 80.6849, 16.3579, 386.3796, 2.5599, 0.0000, 2.0904, 3.3050, 14:45:00
106, 2024-08-06 15:20:24, 40.9461, 81.4891, 16.3569, 386.3796, 2.5671, 0.0000, 2.0916, 3.3113, 14:50:00
106, 2024-08-06 15:25:24, 42.0282, 82.2689, 16.3559, 386.3796, 2.5743, 0.0000, 2.0921, 3.3172, 14:55:00
106, 2024-08-06 15:30:24, 43.1121, 83.0264, 16.3549, 386.3796, 2.5812, 0.0000, 2.0920, 3.3226, 15:00:00
106, 2024-08-06 15:35:24, 44.1978, 83.7635, 16.3540, 386.3796, 2.5881, 0.0000, 2.0913, 3.3274, 15:05:00
106, 2024-08-06 15:40:24, 45.2850, 84.4818, 16.3530, 386.3796, 2.5948, 0.0000, 2.0899, 3.3318, 15:10:00
106, 2024-08-06 15:45:24, 46.3734, 85.1827, 16.3520, 386.3796, 2.6013, 0.0000, 2.0879, 3.3356, 15:15:00
106, 2024-08-06 15:50:24, 47.4630, 85.8679, 16.3510, 386.3796, 2.6076, 0.0000, 2.0854, 3.3389, 15:20:00
106, 2024-08-06 15:55:24, 48.5534, 86.5384, 16.3501, 386.3796, 2.6138, 0.0000, 2.0822, 3.3418, 15:25:00
106, 2024-08-06 16:00:24, 49.6446, 87.1956, 16.3491, 386.3796, 2.6198, 0.0000, 2.0784, 3.3441, 15:30:00
106, 2024-08-06 16:05:24, 50.7363, 87.8405, 16.3481, 386.3796, 2.6255, 0.0000, 2.0740, 3.3459, 15:35:00
106, 2024-08-06 16:10:24, 51.8285, 88.4741, 16.3471, 386.3796, 2.6311, 0.0000, 2.0691, 3.3472, 15:40:00
106, 2024-08-06 16:15:24, 52.9209, 89.0975, 16.3462, 386.3796, 2.6365, 0.0000, 2.0635, 3.3480, 15:45:00
106, 2024-08-06 16:20:24, 54.0135, 89.7114, 16.3452, 386.3796, 2.6416, 0.0000, 2.0574, 3.3483, 15:50:00
106, 2024-08-06 16:25:24, 55.1061, 90.3167, 16.3442, 386.3796, 2.6465, 0.0000, 2.0508, 3.3481, 15:55:00
106, 2024-08-06 16:30:24, 56.1986, 90.9142, 16.3432, 386.3796, 2.6512, 0.0000, 2.0436, 3.3474, 16:00:00
106, 2024-08-06 16:35:24, 57.2909, 91.5047, 16.3423, 386.3796, 2.6557, 0.0000, 2.0359, 3.3463, 16:05:00
106, 2024-08-06 16:40:24, 58.3828, 92.0887, 16.3413, 386.3796, 2.6599, 0.0000, 2.0276, 3.3446, 16:10:00
106, 2024-08-06 16:45:24, 59.4742, 92.6670, 16.3403, 386.3796, 2.6638, 0.0000, 2.0188, 3.3424, 16:15:00
106, 2024-08-06 16:50:24, 60.5651, 93.2401, 16.3393, 386.3796, 2.6675, 0.0000, 2.0095, 3.3397, 16:20:00
106, 2024-08-06 16:55:24, 61.6552, 93.8087, 16.3384, 386.3796, 2.6709, 0.0000, 1.9997, 3.3366, 16:25:00
106, 2024-08-06 17:00:24, 62.7446, 94.3733, 16.3374, 386.3796, 2.6741, 0.0000, 1.9894, 3.3329, 16:30:00
106, 2024-08-06 17:05:24, 63.8330, 94.9343, 16.3364, 386.3796, 2.6769, 0.0000, 1.9785, 3.3288, 16:35:00
106, 2024-08-06 17:10:24, 64.9204, 95.4924, 16.3354, 386.3796, 2.6795, 0.0000, 1.9672, 3.3241, 16:40:00
106, 2024-08-06 17:15:24, 66.0067, 96.0479, 16.3345, 386.3796, 2.6818, 0.0000, 1.9555, 3.3190, 16:45:00
106, 2024-08-06 17:20:24, 67.0917, 96.6014, 16.3335, 386.3796, 2.6838, 0.0000, 1.9432, 3.3134, 16:50:00
106, 2024-08-06 17:25:24, 68.1753, 97.1533, 16.3325, 386.3796, 2.6855, 0.0000, 1.9305, 3.3074, 16:55:00
106, 2024-08-26 07:59:09, 64.8392, -87.7689, 10.0931, 386.3796, 2.5389, 0.0000, 0.1148, 2.5415, 07:33:00
106, 2024-08-26 08:04:09, 63.7492, -87.1377, 10.0918, 386.3796, 2.5257, 0.0000, 0.1272, 2.5289, 07:38:00
106, 2024-08-26 08:09:09, 62.6596, -86.4992, 10.0906, 386.3796, 2.5130, 0.0000, 0.1409, 2.5169, 07:43:00
106, 2024-08-26 08:14:09, 61.5708, -85.8527, 10.0894, 386.3796, 2.5007, 0.0000, 0.1558, 2.5056, 07:48:00
106, 2024-08-26 08:19:09, 60.4827, -85.1976, 10.0882, 386.3796, 2.4890, 0.0000, 0.1718, 2.4949, 07:53:00
106, 2024-08-26 08:24:09, 59.3956, -84.5331, 10.0870, 386.3796, 2.4777, 0.0000, 0.1890, 2.4849, 07:58:00
106, 2024-08-26 08:26:09, 58.9611, -84.2645, 10.0865, 386.3796, 2.4734, 0.0000, 0.1962, 2.4811, 08:00:00
106, 2024-08-26 08:31:09, 57.8757, -83.5855, 10.0853, 386.3796, 2.4628, 0.0000, 0.2150, 2.4721, 08:05:00
106, 2024-08-26 08:36:09, 56.7917, -82.8951, 10.0841, 386.3796, 2.4527, 0.0000, 0.2348, 2.4639, 08:10:00
106, 2024-08-26 08:41:09, 55.7092, -82.1924, 10.0829, 386.3796, 2.4431, 0.0000, 0.2557, 2.4564, 08:15:00
106, 2024-08-26 08:46:09, 54.6286, -81.4765, 10.0816, 386.3796, 2.4339, 0.0000, 0.2775, 2.4497, 08:20:00
106, 2024-08-26 08:51:09, 53.5499, -80.7462, 10.0804, 386.3796, 2.4252, 0.0000, 0.3003, 2.4438, 08:25:00
106, 2024-08-26 08:56:09, 52.4735, -80.0006, 10.0792, 386.3796, 2.4170, 0.0000, 0.3240, 2.4386, 08:30:00
106, 2024-08-26 09:01:09, 51.3995, -79.2384, 10.0780, 386.3796, 2.4093, 0.0000, 0.3486, 2.4344, 08:35:00
106, 2024-08-26 09:06:09, 50.3283, -78.4584, 10.0768, 386.3796, 2.4020, 0.0000, 0.3740, 2.4309, 08:40:00
106, 2024-08-26 09:11:09, 49.2600, -77.6592, 10.0756, 386.3796, 2.3951, 0.0000, 0.4003, 2.4283, 08:45:00
106, 2024-08-26 09:16:09, 48.1950, -76.8395, 10.0743, 386.3796, 2.3887, 0.0000, 0.4273, 2.4266, 08:50:00
106, 2024-08-26 09:21:09, 47.1336, -75.9976, 10.0731, 386.3796, 2.3827, 0.0000, 0.4550, 2.4258, 08:55:00
106, 2024-08-26 09:26:09, 46.0762, -75.1320, 10.0719, 386.3796, 2.3772, 0.0000, 0.4834, 2.4258, 09:00:00
106, 2024-08-26 09:31:09, 45.0230, -74.2407, 10.0707, 386.3796, 2.3721, 0.0000, 0.5124, 2.4268, 09:05:00
106, 2024-08-26 09:36:09, 43.9744, -73.3220, 10.0695, 386.3796, 2.3674, 0.0000, 0.5421, 2.4286, 09:10:00
106, 2024-08-26 09:41:09, 42.9310, -72.3736, 10.0683, 386.3796, 2.3631, 0.0000, 0.5723, 2.4314, 09:15:00
106, 2024-08-26 09:46:09, 41.8932, -71.3935, 10.0670, 386.3796, 2.3592, 0.0000, 0.6030, 2.4350, 09:20:00
106, 2024-08-26 09:51:09, 40.8614, -70.3791, 10.0658, 386.3796, 2.3557, 0.0000, 0.6342, 2.4396, 09:25:00
106, 2024-08-26 09:56:09, 39.8362, -69.3278, 10.0646, 386.3796, 2.3526, 0.0000, 0.6658, 2.4450, 09:30:00
106, 2024-08-26 10:01:09, 38.8182, -68.2367, 10.0634, 386.3796, 2.3498, 0.0000, 0.6978, 2.4513, 09:35:00
106, 2024-08-26 10:06:09, 37.8081, -67.1030, 10.0622, 386.3796, 2.3475, 0.0000, 0.7301, 2.4584, 09:40:00
106, 2024-08-26 10:11:09, 36.8065, -65.9231, 10.0610, 386.3796, 2.3455, 0.0000, 0.7628, 2.4664, 09:45:00
106, 2024-08-26 10:16:09, 35.8144, -64.6935, 10.0597, 386.3796, 2.3438, 0.0000, 0.7956, 2.4752, 09:50:00
106, 2024-08-26 10:21:09, 34.8325, -63.4104, 10.0585, 386.3796, 2.3426, 0.0000, 0.8287, 2.4848, 09:55:00
106, 2024-08-26 10:26:09, 33.8618, -62.0695, 10.0573, 386.3796, 2.3416, 0.0000, 0.8619, 2.4952, 10:00:00
106, 2024-08-26 10:31:09, 32.9034, -60.6663, 10.0561, 386.3796, 2.3410, 0.0000, 0.8953, 2.5064, 10:05:00
106, 2024-08-26 10:36:09, 31.9584, -59.1961, 10.0549, 386.3796, 2.3408, 0.0000, 0.9287, 2.5183, 10:10:00
106, 2024-08-26 10:41:09, 31.0281, -57.6536, 10.0537, 386.3796, 2.3408, 0.0000, 0.9621, 2.5308, 10:15:00
106, 2024-08-26 10:46:09, 30.1140, -56.0332, 10.0524, 386.3796, 2.3412, 0.0000, 0.9955, 2.5441, 10:20:00
106, 2024-08-26 10:51:09, 29.2176, -54.3292, 10.0512, 386.3796, 2.3419, 0.0000, 1.0288, 2.5579, 10:25:00
106, 2024-08-26 10:56:09, 28.3407, -52.5353, 10.0500, 386.3796, 2.3429, 0.0000, 1.0621, 2.5724, 10:30:00
106, 2024-08-26 11:01:09, 27.4851, -50.6451, 10.0488, 386.3796, 2.3442, 0.0000, 1.0951, 2.5874, 10:35:00
106, 2024-08-26 11:06:09, 26.6531, -48.6519, 10.0476, 386.3796, 2.3457, 0.0000, 1.1281, 2.6029, 10:40:00
106, 2024-08-26 11:11:09, 25.8469, -46.5490, 10.0464, 386.3796, 2.3476, 0.0000, 1.1607, 2.6189, 10:45:00
106, 2024-08-26 11:16:09, 25.0691, -44.3297, 10.0451, 386.3796, 2.3497, 0.0000, 1.1932, 2.6353, 10:50:00
106, 2024-08-26 11:21:09, 24.3224, -41.9875, 10.0439, 386.3796, 2.3521, 0.0000, 1.2253, 2.6521, 10:55:00
106, 2024-08-26 11:26:09, 23.6099, -39.5165, 10.0427, 386.3796, 2.3548, 0.0000, 1.2571, 2.6693, 11:00:00
106, 2024-08-26 11:31:09, 22.9347, -36.9114, 10.0415, 386.3796, 2.3577, 0.0000, 1.2885, 2.6868, 11:05:00
106, 2024-08-26 11:36:09, 22.3004, -34.1684, 10.0403, 386.3796, 2.3608, 0.0000, 1.3195, 2.7046, 11:10:00
106, 2024-08-26 11:41:09, 21.7105, -31.2849, 10.0391, 386.3796, 2.3642, 0.0000, 1.3501, 2.7226, 11:15:00
106, 2024-08-26 11:46:09, 21.1688, -28.2608, 10.0378, 386.3796, 2.3679, 0.0000, 1.3803, 2.7408, 11:20:00
106, 2024-08-26 11:51:09, 20.6790, -25.0984, 10.0366, 386.3796, 2.3717, 0.0000, 1.4099, 2.7591, 11:25:00
106, 2024-08-26 11:56:09, 20.2451, -21.8031, 10.0354, 386.3796, 2.3758, 0.0000, 1.4390, 2.7776, 11:30:00
106, 2024-08-26 12:01:09, 19.8707, -18.3838, 10.0342, 386.3796, 2.3801, 0.0000, 1.4677, 2.7962, 11:35:00
106, 2024-08-26 12:06:09, 19.5592, -14.8534, 10.0330, 386.3796, 2.3846, 0.0000, 1.4957, 2.8148, 11:40:00
106, 2024-08-26 12:11:09, 19.3137, -11.2282, 10.0318, 386.3796, 2.3893, 0.0000, 1.5232, 2.8335, 11:45:00
106, 2024-08-26 12:16:09, 19.1367, -7.5285, 10.0305, 386.3796, 2.3941, 0.0000, 1.5500, 2.8521, 11:50:00
106, 2024-08-26 12:21:09, 19.0303, -3.7773, 10.0293, 386.3796, 2.3992, 0.0000, 1.5763, 2.8707, 11:55:00
106, 2024-08-26 12:26:09, 18.9954, 0.0000, 10.0281, 386.3796, 2.4044, 0.0000, 1.6019, 2.8892, 12:00:00
106, 2024-08-26 12:31:09, 19.0327, 3.7769, 10.0269, 386.3796, 2.4098, 0.0000, 1.6269, 2.9076, 12:05:00
106, 2024-08-26 12:36:09, 19.1416, 7.5268, 10.0257, 386.3796, 2.4154, 0.0000, 1.6512, 2.9258, 12:10:00
106, 2024-08-26 12:41:09, 19.3209, 11.2244, 10.0245, 386.3796, 2.4211, 0.0000, 1.6748, 2.9439, 12:15:00
106, 2024-08-26 12:46:09, 19.5687, 14.8468, 10.0232, 386.3796, 2.4269, 0.0000, 1.6978, 2.9618, 12:20:00
106, 2024-08-26 12:51:09, 19.8824, 18.3739, 10.0220, 386.3796, 2.4329, 0.0000, 1.7200, 2.9795, 12:25:00
106, 2024-08-26 12:56:09, 20.2589, 21.7892, 10.0208, 386.3796, 2.4390, 0.0000, 1.7416, 2.9970, 12:30:00
106, 2024-08-26 13:01:09, 20.6948, 25.0803, 10.0196, 386.3796, 2.4452, 0.0000, 1.7624, 3.0142, 12:35:00
106, 2024-08-26 13:06:09, 21.1864, 28.2382, 10.0184, 386.3796, 2.4516, 0.0000, 1.7825, 3.0311, 12:40:00
106, 2024-08-26 13:11:09, 21.7299, 31.2577, 10.0172, 386.3796, 2.4580, 0.0000, 1.8019, 3.0477, 12:45:00
106, 2024-08-26 13:16:09, 22.3215, 34.1365, 10.0159, 386.3796, 2.4645, 0.0000, 1.8206, 3.0641, 12:50:00
106, 2024-08-26 13:21:09, 22.9574, 36.8749, 10.0147, 386.3796, 2.4711, 0.0000, 1.8386, 3.0801, 12:55:00
106, 2024-08-26 13:26:09, 23.6340, 39.4754, 10.0135, 386.3796, 2.4778, 0.0000, 1.8558, 3.0957, 13:00:00
106, 2024-08-26 13:31:09, 24.3479, 41.9420, 10.0123, 386.3796, 2.4845, 0.0000, 1.8722, 3.1110, 13:05:00
106, 2024-08-26 13:36:09, 25.0958, 44.2799, 10.0111, 386.3796, 2.4913, 0.0000, 1.8880, 3.1259, 13:10:00
106, 2024-08-26 13:41:09, 25.8748, 46.4951, 10.0098, 386.3796, 2.4982, 0.0000, 1.9030, 3.1404, 13:15:00
106, 2024-08-26 13:46:09, 26.6822, 48.5941, 10.0086, 386.3796, 2.5051, 0.0000, 1.9173, 3.1546, 13:20:00
106, 2024-08-26 13:51:09, 27.5152, 50.5836, 10.0074, 386.3796, 2.5120, 0.0000, 1.9308, 3.1683, 13:25:00
106, 2024-08-26 13:56:09, 28.3718, 52.4704, 10.0062, 386.3796, 2.5189, 0.0000, 1.9436, 3.1816, 13:30:00
106, 2024-08-26 14:01:09, 29.2496, 54.2610, 10.0050, 386.3796, 2.5259, 0.0000, 1.9557, 3.1945, 13:35:00
106, 2024-08-26 14:06:09, 30.1469, 55.9619, 10.0038, 386.3796, 2.5328, 0.0000, 1.9670, 3.2069, 13:40:00
106, 2024-08-26 14:11:09, 31.0619, 57.5793, 10.0025, 386.3796, 2.5397, 0.0000, 1.9777, 3.2189, 13:45:00
106, 2024-08-26 14:16:09, 31.9930, 59.1190, 10.0013, 386.3796, 2.5466, 0.0000, 1.9876, 3.2305, 13:50:00
106, 2024-08-26 14:21:09, 32.9388, 60.5867, 10.0001, 386.3796, 2.5535, 0.0000, 1.9968, 3.2416, 13:55:00
106, 2024-08-26 14:26:09, 33.8980, 61.9873, 9.9989, 386.3796, 2.5604, 0.0000, 2.0053, 3.2522, 14:00:00
106, 2024-08-26 14:31:09, 34.8695, 63.3259, 9.9977, 386.3796, 2.5672, 0.0000, 2.0130, 3.2623, 14:05:00
106, 2024-08-26 14:36:09, 35.8522, 64.6068, 9.9965, 386.3796, 2.5740, 0.0000, 2.0201, 3.2720, 14:10:00
106, 2024-08-26 14:41:09, 36.8451, 65.8342, 9.9952, 386.3796, 2.5806, 0.0000, 2.0265, 3.2812, 14:15:00
106, 2024-08-26 14:46:09, 37.8473, 67.0121, 9.9940, 386.3796, 2.5873, 0.0000, 2.0322, 3.2900, 14:20:00
106, 2024-08-26 14:51:09, 38.8582, 68.1440, 9.9928, 386.3796, 2.5938, 0.0000, 2.0373, 3.2982, 14:25:00
106, 2024-08-26 14:56:09, 39.8769, 69.2332, 9.9916, 386.3796, 2.6002, 0.0000, 2.0416, 3.3060, 14:30:00
106, 2024-08-26 15:01:09, 40.9028, 70.2827, 9.9904, 386.3796, 2.6066, 0.0000, 2.0453, 3.3132, 14:35:00
106, 2024-08-26 15:06:09, 41.9353, 71.2954, 9.9891, 386.3796, 2.6128, 0.0000, 2.0483, 3.3200, 14:40:00
106, 2024-08-26 15:11:09, 42.9739, 72.2739, 9.9879, 386.3796, 2.6190, 0.0000, 2.0506, 3.3263, 14:45:00
106, 2024-08-26 15:16:09, 44.0180, 73.2207, 9.9867, 386.3796, 2.6249, 0.0000, 2.0523, 3.3320, 14:50:00
106, 2024-08-26 15:21:09, 45.0672, 74.1379, 9.9855, 386.3796, 2.6308, 0.0000, 2.0534, 3.3373, 14:55:00
106, 2024-08-26 15:26:09, 46.1212, 75.0277, 9.9843, 386.3796, 2.6365, 0.0000, 2.0538, 3.3421, 15:00:00
106, 2024-08-26 15:31:09, 47.1794, 75.8919, 9.9830, 386.3796, 2.6421, 0.0000, 2.0536, 3.3463, 15:05:00
106, 2024-08-26 15:36:09, 48.2415, 76.7323, 9.9818, 386.3796, 2.6475, 0.0000, 2.0528, 3.3501, 15:10:00
106, 2024-08-26 15:41:09, 49.3073, 77.5507, 9.9806, 386.3796, 2.6527, 0.0000, 2.0514, 3.3534, 15:15:00
106, 2024-08-26 15:46:09, 50.3763, 78.3484, 9.9794, 386.3796, 2.6578, 0.0000, 2.0493, 3.3561, 15:20:00
106, 2024-08-26 15:51:09, 51.4484, 79.1271, 9.9782, 386.3796, 2.6627, 0.0000, 2.0466, 3.3584, 15:25:00
106, 2024-08-26 15:56:09, 52.5231, 79.8880, 9.9770, 386.3796, 2.6674, 0.0000, 2.0434, 3.3601, 15:30:00
106, 2024-08-26 16:01:09, 53.6004, 80.6323, 9.9757, 386.3796, 2.6718, 0.0000, 2.0396, 3.3613, 15:35:00
106, 2024-08-26 16:06:09, 54.6798, 81.3612, 9.9745, 386.3796, 2.6761, 0.0000, 2.0352, 3.3621, 15:40:00
106, 2024-08-26 16:11:09, 55.7613, 82.0759, 9.9733, 386.3796, 2.6802, 0.0000, 2.0302, 3.3623, 15:45:00
106, 2024-08-26 16:16:09, 56.8446, 82.7773, 9.9721, 386.3796, 2.6840, 0.0000, 2.0246, 3.3620, 15:50:00
106, 2024-08-26 16:21:09, 57.9295, 83.4664, 9.9709, 386.3796, 2.6876, 0.0000, 2.0185, 3.3612, 15:55:00
106, 2024-08-26 16:26:09, 59.0159, 84.1441, 9.9696, 386.3796, 2.6910, 0.0000, 2.0119, 3.3599, 16:00:00
106, 2024-08-26 16:31:09, 60.1034, 84.8113, 9.9684, 386.3796, 2.6941, 0.0000, 2.0047, 3.3581, 16:05:00
106, 2024-08-26 16:36:09, 61.1921, 85.4688, 9.9672, 386.3796, 2.6970, 0.0000, 1.9969, 3.3558, 16:10:00
106, 2024-08-26 16:41:09, 62.2816, 86.1173, 9.9660, 386.3796, 2.6996, 0.0000, 1.9887, 3.3530, 16:15:00
106, 2024-08-26 16:46:09, 63.3718, 86.7576, 9.9648, 386.3796, 2.7019, 0.0000, 1.9799, 3.3497, 16:20:00
106, 2024-08-26 16:51:09, 64.4627, 87.3904, 9.9636, 386.3796, 2.7040, 0.0000, 1.9706, 3.3458, 16:25:00
106, 2024-08-26 16:56:09, 65.5539, 88.0163, 9.9623, 386.3796, 2.7057, 0.0000, 1.9608, 3.3415, 16:30:00
106, 2024-08-26 17:01:09, 66.6454, 88.6359, 9.9611, 386.3796, 2.7072, 0.0000, 1.9505, 3.3367, 16:35:00
106, 2024-08-26 17:06:09, 67.7371, 89.2499, 9.9599, 386.3796, 2.7084, 0.0000, 1.9397, 3.3314, 16:40:00
106, 2024-08-26 17:11:09, 68.8287, 89.8588, 9.9587, 386.3796, 2.7093, 0.0000, 1.9285, 3.3256, 16:45:00
106, 2024-08-26 17:16:09, 69.9201, 90.4632, 9.9575, 386.3796, 2.7099, 0.0000, 1.9168, 3.3193, 16:50:00
106, 2024-08-26 17:21:09, 71.0112, 91.0636, 9.9562, 386.3796, 2.7102, 0.0000, 1.9046, 3.3125, 16:55:00
106, 2024-09-13 08:08:12, 64.8074, -79.3501, 3.4427, 386.3796, 2.6535, 0.0000, 0.3218, 2.6729, 07:48:00
106, 2024-09-13 08:13:12, 63.7364, -78.6416, 3.4414, 386.3796, 2.6415, 0.0000, 0.3327, 2.6623, 07:53:00
106, 2024-09-13 08:18:12, 62.6680, -77.9216, 3.4400, 386.3796, 2.6298, 0.0000, 0.3447, 2.6523, 07:58:00
106, 2024-09-13 08:20:12, 62.2414, -77.6302, 3.4395, 386.3796, 2.6253, 0.0000, 0.3498, 2.6485, 08:00:00
106, 2024-09-13 08:25:12, 61.1771, -76.8926, 3.4382, 386.3796, 2.6143, 0.0000, 0.3634, 2.6394, 08:05:00
106, 2024-09-13 08:30:12, 60.1158, -76.1414, 3.4368, 386.3796, 2.6036, 0.0000, 0.3780, 2.6309, 08:10:00
106, 2024-09-13 08:35:12, 59.0580, -75.3756, 3.4355, 386.3796, 2.5934, 0.0000, 0.3937, 2.6231, 08:15:00
106, 2024-09-13 08:40:12, 58.0038, -74.5944, 3.4342, 386.3796, 2.5835, 0.0000, 0.4105, 2.6159, 08:20:00
106, 2024-09-13 08:45:12, 56.9536, -73.7966, 3.4329, 386.3796, 2.5741, 0.0000, 0.4282, 2.6095, 08:25:00
106, 2024-09-13 08:50:12, 55.9076, -72.9813, 3.4315, 386.3796, 2.5651, 0.0000, 0.4468, 2.6038, 08:30:00
106, 2024-09-13 08:55:12, 54.8661, -72.1474, 3.4302, 386.3796, 2.5566, 0.0000, 0.4664, 2.5987, 08:35:00
106, 2024-09-13 09:00:12, 53.8296, -71.2935, 3.4289, 386.3796, 2.5484, 0.0000, 0.4868, 2.5945, 08:40:00
106, 2024-09-13 09:05:12, 52.7983, -70.4185, 3.4275, 386.3796, 2.5406, 0.0000, 0.5080, 2.5909, 08:45:00
106, 2024-09-13 09:10:12, 51.7727, -69.5210, 3.4262, 386.3796, 2.5333, 0.0000, 0.5301, 2.5881, 08:50:00
106, 2024-09-13 09:15:12, 50.7531, -68.5996, 3.4249, 386.3796, 2.5263, 0.0000, 0.5529, 2.5861, 08:55:00
106, 2024-09-13 09:20:12, 49.7400, -67.6529, 3.4235, 386.3796, 2.5198, 0.0000, 0.5764, 2.5849, 09:00:00
106, 2024-09-13 09:25:12, 48.7338, -66.6792, 3.4222, 386.3796, 2.5136, 0.0000, 0.6006, 2.5844, 09:05:00
106, 2024-09-13 09:30:12, 47.7351, -65.6770, 3.4209, 386.3796, 2.5078, 0.0000, 0.6255, 2.5847, 09:10:00
106, 2024-09-13 09:35:12, 46.7443, -64.6444, 3.4195, 386.3796, 2.5025, 0.0000, 0.6510, 2.5857, 09:15:00
106, 2024-09-13 09:40:12, 45.7621, -63.5795, 3.4182, 386.3796, 2.4975, 0.0000, 0.6770, 2.5876, 09:20:00
106, 2024-09-13 09:45:12, 44.7891, -62.4805, 3.4169, 386.3796, 2.4928, 0.0000, 0.7035, 2.5902, 09:25:00
106, 2024-09-13 09:50:12, 43.8259, -61.3452, 3.4155, 386.3796, 2.4886, 0.0000, 0.7306, 2.5936, 09:30:00
106, 2024-09-13 09:55:12, 42.8733, -60.1716, 3.4142, 386.3796, 2.4847, 0.0000, 0.7581, 2.5978, 09:35:00
106, 2024-09-13 10:00:12, 41.9320, -58.9572, 3.4129, 386.3796, 2.4812, 0.0000, 0.7860, 2.6027, 09:40:00
106, 2024-09-13 10:05:12, 41.0029, -57.6997, 3.4115, 386.3796, 2.4780, 0.0000, 0.8142, 2.6084, 09:45:00
106, 2024-09-13 10:10:12, 40.0868, -56.3966, 3.4102, 386.3796, 2.4752, 0.0000, 0.8428, 2.6148, 09:50:00
106, 2024-09-13 10:15:12, 39.1847, -55.0453, 3.4089, 386.3796, 2.4728, 0.0000, 0.8716, 2.6219, 09:55:00
106, 2024-09-13 10:20:12, 38.2977, -53.6430, 3.4076, 386.3796, 2.4706, 0.0000, 0.9007, 2.6297, 10:00:00
106, 2024-09-13 10:25:12, 37.4269, -52.1871, 3.4062, 386.3796, 2.4688, 0.0000, 0.9300, 2.6382, 10:05:00
106, 2024-09-13 10:30:12, 36.5734, -50.6747, 3.4049, 386.3796, 2.4674, 0.0000, 0.9594, 2.6474, 10:10:00
106, 2024-09-13 10:35:12, 35.7385, -49.1029, 3.4036, 386.3796, 2.4662, 0.0000, 0.9890, 2.6571, 10:15:00
106, 2024-09-13 10:40:12, 34.9237, -47.4687, 3.4022, 386.3796, 2.4654, 0.0000, 1.0187, 2.6675, 10:20:00
106, 2024-09-13 10:45:12, 34.1304, -45.7694, 3.4009, 386.3796, 2.4649, 0.0000, 1.0483, 2.6785, 10:25:00
106, 2024-09-13 10:50:12, 33.3602, -44.0021, 3.3996, 386.3796, 2.4646, 0.0000, 1.0780, 2.6901, 10:30:00
106, 2024-09-13 10:55:12, 32.6147, -42.1642, 3.3982, 386.3796, 2.4647, 0.0000, 1.1077, 2.7021, 10:35:00
106, 2024-09-13 11:00:12, 31.8958, -40.2531, 3.3969, 386.3796, 2.4650, 0.0000, 1.1372, 2.7147, 10:40:00
106, 2024-09-13 11:05:12, 31.2052, -38.2668, 3.3956, 386.3796, 2.4657, 0.0000, 1.1667, 2.7277, 10:45:00
106, 2024-09-13 11:10:12, 30.5450, -36.2033, 3.3942, 386.3796, 2.4666, 0.0000, 1.1960, 2.7412, 10:50:00
106, 2024-09-13 11:15:12, 29.9172, -34.0614, 3.3929, 386.3796, 2.4677, 0.0000, 1.2251, 2.7551, 10:55:00
106, 2024-09-13 11:20:12, 29.3238, -31.8403, 3.3916, 386.3796, 2.4691, 0.0000, 1.2540, 2.7693, 11:00:00
106, 2024-09-13 11:25:12, 28.7672, -29.5399, 3.3902, 386.3796, 2.4708, 0.0000, 1.2827, 2.7839, 11:05:00
106, 2024-09-13 11:30:12, 28.2493, -27.1610, 3.3889, 386.3796, 2.4727, 0.0000, 1.3110, 2.7988, 11:10:00
106, 2024-09-13 11:35:12, 27.7725, -24.7055, 3.3876, 386.3796, 2.4749, 0.0000, 1.3391, 2.8139, 11:15:00
106, 2024-09-13 11:40:12, 27.3389, -22.1760, 3.3862, 386.3796, 2.4773, 0.0000, 1.3668, 2.8293, 11:20:00
106, 2024-09-13 11:45:12, 26.9507, -19.5765, 3.3849, 386.3796, 2.4799, 0.0000, 1.3942, 2.8449, 11:25:00
106, 2024-09-13 11:50:12, 26.6097, -16.9122, 3.3836, 386.3796, 2.4827, 0.0000, 1.4211, 2.8607, 11:30:00
106, 2024-09-13 11:55:12, 26.3180, -14.1894, 3.3822, 386.3796, 2.4857, 0.0000, 1.4477, 2.8766, 11:35:00
106, 2024-09-13 12:00:12, 26.0771, -11.4158, 3.3809, 386.3796, 2.4890, 0.0000, 1.4738, 2.8926, 11:40:00
106, 2024-09-13 12:05:12, 25.8884, -8.6000, 3.3796, 386.3796, 2.4924, 0.0000, 1.4994, 2.9087, 11:45:00
106, 2024-09-13 12:10:12, 25.7532, -5.7517, 3.3782, 386.3796, 2.4960, 0.0000, 1.5245, 2.9248, 11:50:00
106, 2024-09-13 12:15:12, 25.6722, -2.8814, 3.3769, 386.3796, 2.4998, 0.0000, 1.5492, 2.9409, 11:55:00
106, 2024-09-13 12:20:12, 25.6461, 0.0000, 3.3756, 386.3796, 2.5038, 0.0000, 1.5733, 2.9570, 12:00:00
106, 2024-09-13 12:25:12, 25.6749, 2.8811, 3.3743, 386.3796, 2.5079, 0.0000, 1.5968, 2.9731, 12:05:00
106, 2024-09-13 12:30:12, 25.7585, 5.7506, 3.3729, 386.3796, 2.5122, 0.0000, 1.6198, 2.9891, 12:10:00
106, 2024-09-13 12:35:12, 25.8963, 8.5976, 3.3716, 386.3796, 2.5166, 0.0000, 1.6422, 3.0050, 12:15:00
106, 2024-09-13 12:40:12, 26.0875, 11.4116, 3.3703, 386.3796, 2.5212, 0.0000, 1.6641, 3.0208, 12:20:00
106, 2024-09-13 12:45:12, 26.3310, 14.1830, 3.3689, 386.3796, 2.5259, 0.0000, 1.6853, 3.0365, 12:25:00
106, 2024-09-13 12:50:12, 26.6252, 16.9031, 3.3676, 386.3796, 2.5307, 0.0000, 1.7059, 3.0520, 12:30:00
106, 2024-09-13 12:55:12, 26.9685, 19.5644, 3.3663, 386.3796, 2.5356, 0.0000, 1.7259, 3.0673, 12:35:00
106, 2024-09-13 13:00:12, 27.3591, 22.1606, 3.3649, 386.3796, 2.5407, 0.0000, 1.7452, 3.0823, 12:40:00
106, 2024-09-13 13:05:12, 27.7948, 24.6867, 3.3636, 386.3796, 2.5458, 0.0000, 1.7639, 3.0972, 12:45:00
106, 2024-09-13 13:10:12, 28.2737, 27.1386, 3.3623, 386.3796, 2.5510, 0.0000, 1.7819, 3.1118, 12:50:00
106, 2024-09-13 13:15:12, 28.7936, 29.5136, 3.3609, 386.3796, 2.5563, 0.0000, 1.7993, 3.1261, 12:55:00
106, 2024-09-13 13:20:12, 29.3522, 31.8102, 3.3596, 386.3796, 2.5617, 0.0000, 1.8161, 3.1401, 13:00:00
106, 2024-09-13 13:25:12, 29.9474, 34.0274, 3.3583, 386.3796, 2.5671, 0.0000, 1.8321, 3.1539, 13:05:00
106, 2024-09-13 13:30:12, 30.5769, 36.1654, 3.3569, 386.3796, 2.5726, 0.0000, 1.8475, 3.1673, 13:10:00
106, 2024-09-13 13:35:12, 31.2388, 38.2250, 3.3556, 386.3796, 2.5782, 0.0000, 1.8622, 3.1804, 13:15:00
106, 2024-09-13 13:40:12, 31.9309, 40.2075, 3.3543, 386.3796, 2.5837, 0.0000, 1.8763, 3.1931, 13:20:00
106, 2024-09-13 13:45:12, 32.6514, 42.1148, 3.3529, 386.3796, 2.5893, 0.0000, 1.8896, 3.2055, 13:25:00
106, 2024-09-13 13:50:12, 33.3983, 43.9491, 3.3516, 386.3796, 2.5949, 0.0000, 1.9023, 3.2175, 13:30:00
106, 2024-09-13 13:55:12, 34.1698, 45.7129, 3.3503, 386.3796, 2.6005, 0.0000, 1.9143, 3.2292, 13:35:00
106, 2024-09-13 14:00:12, 34.9644, 47.4087, 3.3489, 386.3796, 2.6061, 0.0000, 1.9257, 3.2404, 13:40:00
106, 2024-09-13 14:05:12, 35.7805, 49.0395, 3.3476, 386.3796, 2.6117, 0.0000, 1.9363, 3.2512, 13:45:00
106, 2024-09-13 14:10:12, 36.6165, 50.6082, 3.3463, 386.3796, 2.6173, 0.0000, 1.9463, 3.2617, 13:50:00
106, 2024-09-13 14:15:12, 37.4711, 52.1175, 3.3449, 386.3796, 2.6229, 0.0000, 1.9556, 3.2717, 13:55:00
106, 2024-09-13 14:20:12, 38.3430, 53.5704, 3.3436, 386.3796, 2.6284, 0.0000, 1.9642, 3.2813, 14:00:00
106, 2024-09-13 14:25:12, 39.2311, 54.9697, 3.3423, 386.3796, 2.6339, 0.0000, 1.9722, 3.2904, 14:05:00
106, 2024-09-13 14:30:12, 40.1342, 56.3182, 3.3409, 386.3796, 2.6393, 0.0000, 1.9795, 3.2991, 14:10:00
106, 2024-09-13 14:35:12, 41.0512, 57.6186, 3.3396, 386.3796, 2.6446, 0.0000, 1.9861, 3.3074, 14:15:00
106, 2024-09-13 14:40:12, 41.9813, 58.8735, 3.3383, 386.3796, 2.6499, 0.0000, 1.9921, 3.3152, 14:20:00
106, 2024-09-13 14:45:12, 42.9235, 60.0854, 3.3369, 386.3796, 2.6551, 0.0000, 1.9974, 3.3225, 14:25:00
106, 2024-09-13 14:50:12, 43.8771, 61.2566, 3.3356, 386.3796, 2.6602, 0.0000, 2.0021, 3.3294, 14:30:00
106, 2024-09-13 14:55:12, 44.8411, 62.3896, 3.3343, 386.3796, 2.6652, 0.0000, 2.0061, 3.3358, 14:35:00
106, 2024-09-13 15:00:12, 45.8150, 63.4863, 3.3329, 386.3796, 2.6701, 0.0000, 2.0095, 3.3417, 14:40:00
106, 2024-09-13 15:05:12, 46.7981, 64.5489, 3.3316, 386.3796, 2.6748, 0.0000, 2.0122, 3.3472, 14:45:00
106, 2024-09-13 15:10:12, 47.7897, 65.5794, 3.3303, 386.3796, 2.6795, 0.0000, 2.0143, 3.3522, 14:50:00
106, 2024-09-13 15:15:12, 48.7892, 66.5796, 3.3290, 386.3796, 2.6840, 0.0000, 2.0158, 3.3567, 14:55:00
106, 2024-09-13 15:20:12, 49.7962, 67.5512, 3.3276, 386.3796, 2.6883, 0.0000, 2.0167, 3.3607, 15:00:00
106, 2024-09-13 15:25:12, 50.8101, 68.4959, 3.3263, 386.3796, 2.6926, 0.0000, 2.0170, 3.3642, 15:05:00
106, 2024-09-13 15:30:12, 51.8306, 69.4154, 3.3250, 386.3796, 2.6966, 0.0000, 2.0166, 3.3673, 15:10:00
106, 2024-09-13 15:35:12, 52.8570, 70.3109, 3.3236, 386.3796, 2.7005, 0.0000, 2.0157, 3.3698, 15:15:00
106, 2024-09-13 15:40:12, 53.8891, 71.1841, 3.3223, 386.3796, 2.7042, 0.0000, 2.0142, 3.3718, 15:20:00
106, 2024-09-13 15:45:12, 54.9265, 72.0361, 3.3210, 386.3796, 2.7077, 0.0000, 2.0120, 3.3734, 15:25:00
106, 2024-09-13 15:50:12, 55.9687, 72.8683, 3.3196, 386.3796, 2.7110, 0.0000, 2.0093, 3.3744, 15:30:00
106, 2024-09-13 15:55:12, 57.0155, 73.6818, 3.3183, 386.3796, 2.7141, 0.0000, 2.0061, 3.3750, 15:35:00
106, 2024-09-13 16:00:12, 58.0666, 74.4778, 3.3170, 386.3796, 2.7170, 0.0000, 2.0022, 3.3751, 15:40:00
106, 2024-09-13 16:05:12, 59.1216, 75.2573, 3.3156, 386.3796, 2.7197, 0.0000, 1.9978, 3.3746, 15:45:00
106, 2024-09-13 16:10:12, 60.1803, 76.0213, 3.3143, 386.3796, 2.7221, 0.0000, 1.9929, 3.3737, 15:50:00
106, 2024-09-13 16:15:12, 61.2424, 76.7708, 3.3130, 386.3796, 2.7243, 0.0000, 1.9874, 3.3722, 15:55:00
106, 2024-09-13 16:20:12, 62.3076, 77.5067, 3.3116, 386.3796, 2.7263, 0.0000, 1.9814, 3.3702, 16:00:00
106, 2024-09-13 16:25:12, 63.3758, 78.2298, 3.3103, 386.3796, 2.7280, 0.0000, 1.9748, 3.3678, 16:05:00
106, 2024-09-13 16:30:12, 64.4466, 78.9411, 3.3090, 386.3796, 2.7295, 0.0000, 1.9677, 3.3648, 16:10:00
106, 2024-09-13 16:35:12, 65.5199, 79.6412, 3.3076, 386.3796, 2.7307, 0.0000, 1.9601, 3.3614, 16:15:00
106, 2024-09-13 16:40:12, 66.5954, 80.3310, 3.3063, 386.3796, 2.7317, 0.0000, 1.9520, 3.3574, 16:20:00
106, 2024-09-13 16:45:12, 67.6730, 81.0110, 3.3050, 386.3796, 2.7323, 0.0000, 1.9434, 3.3530, 16:25:00
106, 2024-09-13 16:50:12, 68.7524, 81.6821, 3.3036, 386.3796, 2.7327, 0.0000, 1.9343, 3.3480, 16:30:00
106, 2024-09-13 16:55:12, 69.8334, 82.3449, 3.3023, 386.3796, 2.7328, 0.0000, 1.9247, 3.3425, 16:35:00
106, 2024-09-13 17:00:12, 70.9159, 83.0000, 3.3010, 386.3796, 2.7326, 0.0000, 1.9146, 3.3366, 16:40:00
106, 2024-09-13 17:05:12, 71.9996, 83.6480, 3.2996, 386.3796, 2.7320, 0.0000, 1.9041, 3.3301, 16:45:00
106, 2024-09-13 17:10:12, 73.0843, 84.2896, 3.2983, 386.3796, 2.7312, 0.0000, 1.8931, 3.3232, 16:50:00
106, 2024-09-13 17:15:12, 74.1698, 84.9252, 3.2970, 386.3796, 2.7301, 0.0000, 1.8817, 3.3157, 16:55:00
106, 2024-09-29 08:16:36, 65.1543, -71.4952, -2.7656, 386.3796, 2.7402, 0.0000, 0.5070, 2.7867, 08:02:00
106, 2024-09-29 08:21:36, 64.1223, -70.7197, -2.7669, 386.3796, 2.7296, 0.0000, 0.5168, 2.7781, 08:07:00
106, 2024-09-29 08:26:36, 63.0950, -69.9294, -2.7683, 386.3796, 2.7193, 0.0000, 0.5277, 2.7700, 08:12:00
106, 2024-09-29 08:31:36, 62.0729, -69.1233, -2.7696, 386.3796, 2.7093, 0.0000, 0.5396, 2.7626, 08:17:00
106, 2024-09-29 08:36:36, 61.0562, -68.3007, -2.7710, 386.3796, 2.6997, 0.0000, 0.5525, 2.7557, 08:22:00
106, 2024-09-29 08:41:36, 60.0454, -67.4605, -2.7723, 386.3796, 2.6904, 0.0000, 0.5663, 2.7494, 08:27:00
106, 2024-09-29 08:46:36, 59.0406, -66.6019, -2.7737, 386.3796, 2.6815, 0.0000, 0.5811, 2.7437, 08:32:00
106, 2024-09-29 08:51:36, 58.0425, -65.7239, -2.7750, 386.3796, 2.6729, 0.0000, 0.5967, 2.7387, 08:37:00
106, 2024-09-29 08:56:36, 57.0512, -64.8254, -2.7764, 386.3796, 2.6647, 0.0000, 0.6132, 2.7343, 08:42:00
106, 2024-09-29 09:01:36, 56.0672, -63.9053, -2.7777, 386.3796, 2.6568, 0.0000, 0.6306, 2.7306, 08:47:00
106, 2024-09-29 09:06:36, 55.0911, -62.9626, -2.7791, 386.3796, 2.6493, 0.0000, 0.6487, 2.7275, 08:52:00
106, 2024-09-29 09:11:36, 54.1232, -61.9959, -2.7804, 386.3796, 2.6421, 0.0000, 0.6676, 2.7251, 08:57:00
106, 2024-09-29 09:14:36, 53.5466, -61.4040, -2.7812, 386.3796, 2.6379, 0.0000, 0.6792, 2.7240, 09:00:00
106, 2024-09-29 09:19:36, 52.5929, -60.3966, -2.7826, 386.3796, 2.6313, 0.0000, 0.6992, 2.7226, 09:05:00
106, 2024-09-29 09:24:36, 51.6488, -59.3621, -2.7839, 386.3796, 2.6250, 0.0000, 0.7199, 2.7220, 09:10:00
106, 2024-09-29 09:29:36, 50.7149, -58.2992, -2.7853, 386.3796, 2.6191, 0.0000, 0.7412, 2.7220, 09:15:00
106, 2024-09-29 09:34:36, 49.7918, -57.2064, -2.7866, 386.3796, 2.6135, 0.0000, 0.7631, 2.7226, 09:20:00
106, 2024-09-29 09:39:36, 48.8802, -56.0823, -2.7880, 386.3796, 2.6083, 0.0000, 0.7855, 2.7240, 09:25:00
106, 2024-09-29 09:44:36, 47.9806, -54.9255, -2.7893, 386.3796, 2.6034, 0.0000, 0.8085, 2.7260, 09:30:00
106, 2024-09-29 09:49:36, 47.0939, -53.7344, -2.7907, 386.3796, 2.5988, 0.0000, 0.8319, 2.7287, 09:35:00
106, 2024-09-29 09:54:36, 46.2209, -52.5075, -2.7920, 386.3796, 2.5946, 0.0000, 0.8558, 2.7321, 09:40:00
106, 2024-09-29 09:59:36, 45.3623, -51.2433, -2.7934, 386.3796, 2.5907, 0.0000, 0.8801, 2.7361, 09:45:00
106, 2024-09-29 10:04:36, 44.5190, -49.9401, -2.7947, 386.3796, 2.5871, 0.0000, 0.9047, 2.7407, 09:50:00
106, 2024-09-29 10:09:36, 43.6920, -48.5965, -2.7961, 386.3796, 2.5838, 0.0000, 0.9297, 2.7460, 09:55:00
106, 2024-09-29 10:14:36, 42.8822, -47.2108, -2.7974, 386.3796, 2.5809, 0.0000, 0.9550, 2.7519, 10:00:00
106, 2024-09-29 10:19:36, 42.0907, -45.7815, -2.7988, 386.3796, 2.5783, 0.0000, 0.9805, 2.7584, 10:05:00
106, 2024-09-29 10:24:36, 41.3184, -44.3070, -2.8001, 386.3796, 2.5759, 0.0000, 1.0063, 2.7655, 10:10:00
106, 2024-09-29 10:29:36, 40.5666, -42.7861, -2.8015, 386.3796, 2.5739, 0.0000, 1.0322, 2.7732, 10:15:00
106, 2024-09-29 10:34:36, 39.8365, -41.2172, -2.8028, 386.3796, 2.5722, 0.0000, 1.0583, 2.7814, 10:20:00
106, 2024-09-29 10:39:36, 39.1292, -39.5992, -2.8042, 386.3796, 2.5708, 0.0000, 1.0845, 2.7902, 10:25:00
106, 2024-09-29 10:44:36, 38.4461, -37.9311, -2.8055, 386.3796, 2.5696, 0.0000, 1.1108, 2.7994, 10:30:00
106, 2024-09-29 10:49:36, 37.7884, -36.2119, -2.8069, 386.3796, 2.5687, 0.0000, 1.1371, 2.8091, 10:35:00
106, 2024-09-29 10:54:36, 37.1577, -34.4409, -2.8082, 386.3796, 2.5681, 0.0000, 1.1634, 2.8193, 10:40:00
106, 2024-09-29 10:59:36, 36.5552, -32.6178, -2.8096, 386.3796, 2.5678, 0.0000, 1.1897, 2.8300, 10:45:00
106, 2024-09-29 11:04:36, 35.9824, -30.7426, -2.8109, 386.3796, 2.5677, 0.0000, 1.2159, 2.8410, 10:50:00
106, 2024-09-29 11:09:36, 35.4409, -28.8154, -2.8123, 386.3796, 2.5679, 0.0000, 1.2420, 2.8525, 10:55:00
106, 2024-09-29 11:14:36, 34.9319, -26.8369, -2.8136, 386.3796, 2.5683, 0.0000, 1.2680, 2.8643, 11:00:00
106, 2024-09-29 11:19:36, 34.4571, -24.8082, -2.8150, 386.3796, 2.5690, 0.0000, 1.2938, 2.8764, 11:05:00
106, 2024-09-29 11:24:36, 34.0178, -22.7310, -2.8163, 386.3796, 2.5699, 0.0000, 1.3195, 2.8888, 11:10:00
106, 2024-09-29 11:29:36, 33.6156, -20.6073, -2.8177, 386.3796, 2.5710, 0.0000, 1.3449, 2.9015, 11:15:00
106, 2024-09-29 11:34:36, 33.2516, -18.4397, -2.8190, 386.3796, 2.5723, 0.0000, 1.3701, 2.9144, 11:20:00
106, 2024-09-29 11:39:36, 32.9272, -16.2313, -2.8203, 386.3796, 2.5739, 0.0000, 1.3950, 2.9276, 11:25:00
106, 2024-09-29 11:44:36, 32.6437, -13.9859, -2.8217, 386.3796, 2.5756, 0.0000, 1.4196, 2.9409, 11:30:00
106, 2024-09-29 11:49:36, 32.4020, -11.7075, -2.8230, 386.3796, 2.5776, 0.0000, 1.4439, 2.9544, 11:35:00
106, 2024-09-29 11:54:36, 32.2031, -9.4010, -2.8244, 386.3796, 2.5798, 0.0000, 1.4678, 2.9681, 11:40:00
106, 2024-09-29 11:59:36, 32.0479, -7.0714, -2.8257, 386.3796, 2.5821, 0.0000, 1.4913, 2.9818, 11:45:00
106, 2024-09-29 12:04:36, 31.9369, -4.7241, -2.8271, 386.3796, 2.5846, 0.0000, 1.5145, 2.9957, 11:50:00
106, 2024-09-29 12:09:36, 31.8707, -2.3650, -2.8284, 386.3796, 2.5873, 0.0000, 1.5372, 3.0095, 11:55:00
106, 2024-09-29 12:14:36, 31.8494, -0.0001, -2.8298, 386.3796, 2.5901, 0.0000, 1.5596, 3.0234, 12:00:00
106, 2024-09-29 12:19:36, 31.8733, 2.3647, -2.8311, 386.3796, 2.5931, 0.0000, 1.5814, 3.0373, 12:05:00
106, 2024-09-29 12:24:36, 31.9423, 4.7233, -2.8325, 386.3796, 2.5963, 0.0000, 1.6028, 3.0512, 12:10:00
106, 2024-09-29 12:29:36, 32.0559, 7.0696, -2.8338, 386.3796, 2.5996, 0.0000, 1.6237, 3.0650, 12:15:00
106, 2024-09-29 12:34:36, 32.2138, 9.3980, -2.8352, 386.3796, 2.6030, 0.0000, 1.6441, 3.0787, 12:20:00
106, 2024-09-29 12:39:36, 32.4152, 11.7030, -2.8365, 386.3796, 2.6066, 0.0000, 1.6639, 3.0924, 12:25:00
106, 2024-09-29 12:44:36, 32.6595, 13.9794, -2.8379, 386.3796, 2.6102, 0.0000, 1.6833, 3.1059, 12:30:00
106, 2024-09-29 12:49:36, 32.9455, 16.2227, -2.8392, 386.3796, 2.6140, 0.0000, 1.7021, 3.1193, 12:35:00
106, 2024-09-29 12:54:36, 33.2723, 18.4287, -2.8406, 386.3796, 2.6178, 0.0000, 1.7203, 3.1325, 12:40:00
106, 2024-09-29 12:59:36, 33.6386, 20.5937, -2.8419, 386.3796, 2.6218, 0.0000, 1.7380, 3.1455, 12:45:00
106, 2024-09-29 13:04:36, 34.0432, 22.7146, -2.8433, 386.3796, 2.6258, 0.0000, 1.7551, 3.1584, 12:50:00
106, 2024-09-29 13:09:36, 34.4847, 24.7889, -2.8446, 386.3796, 2.6299, 0.0000, 1.7716, 3.1710, 12:55:00
106, 2024-09-29 13:14:36, 34.9616, 26.8145, -2.8460, 386.3796, 2.6341, 0.0000, 1.7875, 3.1834, 13:00:00
106, 2024-09-29 13:19:36, 35.4726, 28.7898, -2.8473, 386.3796, 2.6383, 0.0000, 1.8029, 3.1955, 13:05:00
106, 2024-09-29 13:24:36, 36.0162, 30.7137, -2.8487, 386.3796, 2.6426, 0.0000, 1.8176, 3.2074, 13:10:00
106, 2024-09-29 13:29:36, 36.5908, 32.5857, -2.8500, 386.3796, 2.6469, 0.0000, 1.8317, 3.2189, 13:15:00
106, 2024-09-29 13:34:36, 37.1951, 34.4055, -2.8514, 386.3796, 2.6513, 0.0000, 1.8452, 3.2302, 13:20:00
106, 2024-09-29 13:39:36, 37.8276, 36.1731, -2.8527, 386.3796, 2.6557, 0.0000, 1.8581, 3.2412, 13:25:00
106, 2024-09-29 13:44:36, 38.4869, 37.8890, -2.8541, 386.3796, 2.6600, 0.0000, 1.8704, 3.2518, 13:30:00
106, 2024-09-29 13:49:36, 39.1717, 39.5539, -2.8554, 386.3796, 2.6644, 0.0000, 1.8820, 3.2621, 13:35:00
106, 2024-09-29 13:54:36, 39.8805, 41.1686, -2.8568, 386.3796, 2.6688, 0.0000, 1.8930, 3.2720, 13:40:00
106, 2024-09-29 13:59:36, 40.6121, 42.7343, -2.8581, 386.3796, 2.6732, 0.0000, 1.9034, 3.2816, 13:45:00
106, 2024-09-29 14:04:36, 41.3653, 44.2521, -2.8595, 386.3796, 2.6775, 0.0000, 1.9132, 3.2908, 13:50:00
106, 2024-09-29 14:09:36, 42.1389, 45.7234, -2.8608, 386.3796, 2.6818, 0.0000, 1.9223, 3.2996, 13:55:00
106, 2024-09-29 14:14:36, 42.9318, 47.1497, -2.8622, 386.3796, 2.6861, 0.0000, 1.9309, 3.3081, 14:00:00
106, 2024-09-29 14:19:36, 43.7428, 48.5324, -2.8635, 386.3796, 2.6903, 0.0000, 1.9388, 3.3161, 14:05:00
106, 2024-09-29 14:24:36, 44.5710, 49.8731, -2.8648, 386.3796, 2.6945, 0.0000, 1.9460, 3.3237, 14:10:00
106, 2024-09-29 14:29:36, 45.4154, 51.1734, -2.8662, 386.3796, 2.6986, 0.0000, 1.9527, 3.3310, 14:15:00
106, 2024-09-29 14:34:36, 46.2752, 52.4349, -2.8675, 386.3796, 2.7026, 0.0000, 1.9587, 3.3378, 14:20:00
106, 2024-09-29 14:39:36, 47.1493, 53.6590, -2.8689, 386.3796, 2.7065, 0.0000, 1.9642, 3.3441, 14:25:00
106, 2024-09-29 14:44:36, 48.0370, 54.8475, -2.8702, 386.3796, 2.7104, 0.0000, 1.9690, 3.3501, 14:30:00
106, 2024-09-29 14:49:36, 48.9376, 56.0017, -2.8716, 386.3796, 2.7141, 0.0000, 1.9732, 3.3555, 14:35:00
106, 2024-09-29 14:54:36, 49.8502, 57.1232, -2.8729, 386.3796, 2.7177, 0.0000, 1.9767, 3.3606, 14:40:00
106, 2024-09-29 14:59:36, 50.7743, 58.2136, -2.8743, 386.3796, 2.7212, 0.0000, 1.9797, 3.3652, 14:45:00
106, 2024-09-29 15:04:36, 51.7091, 59.2741, -2.8756, 386.3796, 2.7246, 0.0000, 1.9821, 3.3693, 14:50:00
106, 2024-09-29 15:09:36, 52.6541, 60.3062, -2.8770, 386.3796, 2.7278, 0.0000, 1.9839, 3.3730, 14:55:00
106, 2024-09-29 15:14:36, 53.6086, 61.3112, -2.8783, 386.3796, 2.7309, 0.0000, 1.9851, 3.3762, 15:00:00
106, 2024-09-29 15:19:36, 54.5722, 62.2905, -2.8797, 386.3796, 2.7339, 0.0000, 1.9858, 3.3790, 15:05:00
106, 2024-09-29 15:24:36, 55.5443, 63.2452, -2.8810, 386.3796, 2.7367, 0.0000, 1.9858, 3.3812, 15:10:00
106, 2024-09-29 15:29:36, 56.5245, 64.1765, -2.8824, 386.3796, 2.7393, 0.0000, 1.9853, 3.3830, 15:15:00
106, 2024-09-29 15:34:36, 57.5122, 65.0857, -2.8837, 386.3796, 2.7417, 0.0000, 1.9842, 3.3844, 15:20:00
106, 2024-09-29 15:39:36, 58.5071, 65.9737, -2.8851, 386.3796, 2.7439, 0.0000, 1.9825, 3.3852, 15:25:00
106, 2024-09-29 15:44:36, 59.5088, 66.8417, -2.8864, 386.3796, 2.7460, 0.0000, 1.9803, 3.3856, 15:30:00
106, 2024-09-29 15:49:36, 60.5168, 67.6907, -2.8878, 386.3796, 2.7478, 0.0000, 1.9776, 3.3855, 15:35:00
106, 2024-09-29 15:54:36, 61.5308, 68.5217, -2.8891, 386.3796, 2.7495, 0.0000, 1.9743, 3.3849, 15:40:00
106, 2024-09-29 15:59:36, 62.5505, 69.3355, -2.8905, 386.3796, 2.7509, 0.0000, 1.9704, 3.3838, 15:45:00
106, 2024-09-29 16:04:36, 63.5755, 70.1332, -2.8918, 386.3796, 2.7521, 0.0000, 1.9660, 3.3822, 15:50:00
106, 2024-09-29 16:09:36, 64.6055, 70.9155, -2.8932, 386.3796, 2.7530, 0.0000, 1.9612, 3.3801, 15:55:00
106, 2024-10-17 08:26:45, 66.1174, -63.0273, -9.5859, 386.3796, 2.8183, 0.0000, 0.6997, 2.9039, 08:17:00
106, 2024-10-17 08:31:45, 65.1491, -62.1921, -9.5872, 386.3796, 2.8093, 0.0000, 0.7086, 2.8973, 08:22:00
106, 2024-10-17 08:36:45, 64.1882, -61.3399, -9.5884, 386.3796, 2.8006, 0.0000, 0.7183, 2.8913, 08:27:00
106, 2024-10-17 08:41:45, 63.2351, -60.4699, -9.5897, 386.3796, 2.7922, 0.0000, 0.7290, 2.8858, 08:32:00
106, 2024-10-17 08:46:45, 62.2902, -59.5814, -9.5910, 386.3796, 2.7840, 0.0000, 0.7405, 2.8808, 08:37:00
106, 2024-10-17 08:51:45, 61.3539, -58.6735, -9.5922, 386.3796, 2.7760, 0.0000, 0.7528, 2.8763, 08:42:00
106, 2024-10-17 08:56:45, 60.4266, -57.7454, -9.5935, 386.3796, 2.7684, 0.0000, 0.7660, 2.8724, 08:47:00
106, 2024-10-17 09:01:45, 59.5089, -56.7964, -9.5948, 386.3796, 2.7610, 0.0000, 0.7799, 2.8691, 08:52:00
106, 2024-10-17 09:06:45, 58.6011, -55.8254, -9.5960, 386.3796, 2.7539, 0.0000, 0.7946, 2.8663, 08:57:00
106, 2024-10-17 09:09:45, 58.0614, -55.2320, -9.5968, 386.3796, 2.7498, 0.0000, 0.8037, 2.8648, 09:00:00
106, 2024-10-17 09:14:45, 57.1706, -54.2243, -9.5980, 386.3796, 2.7431, 0.0000, 0.8195, 2.8629, 09:05:00
106, 2024-10-17 09:19:45, 56.2912, -53.1924, -9.5993, 386.3796, 2.7368, 0.0000, 0.8360, 2.8616, 09:10:00
106, 2024-10-17 09:24:45, 55.4237, -52.1354, -9.6006, 386.3796, 2.7307, 0.0000, 0.8530, 2.8609, 09:15:00
106, 2024-10-17 09:29:45, 54.5687, -51.0525, -9.6018, 386.3796, 2.7249, 0.0000, 0.8707, 2.8607, 09:20:00
106, 2024-10-17 09:34:45, 53.7268, -49.9426, -9.6031, 386.3796, 2.7194, 0.0000, 0.8889, 2.8611, 09:25:00
106, 2024-10-17 09:39:45, 52.8986, -48.8050, -9.6043, 386.3796, 2.7142, 0.0000, 0.9077, 2.8620, 09:30:00
106, 2024-10-17 09:44:45, 52.0850, -47.6386, -9.6056, 386.3796, 2.7093, 0.0000, 0.9270, 2.8635, 09:35:00
106, 2024-10-17 09:49:45, 51.2865, -46.4427, -9.6069, 386.3796, 2.7047, 0.0000, 0.9467, 2.8656, 09:40:00
106, 2024-10-17 09:54:45, 50.5039, -45.2163, -9.6081, 386.3796, 2.7004, 0.0000, 0.9668, 2.8682, 09:45:00
106, 2024-10-17 09:59:45, 49.7380, -43.9585, -9.6094, 386.3796, 2.6963, 0.0000, 0.9874, 2.8714, 09:50:00
106, 2024-10-17 10:04:45, 48.9895, -42.6686, -9.6106, 386.3796, 2.6925, 0.0000, 1.0083, 2.8751, 09:55:00
106, 2024-10-17 10:09:45, 48.2594, -41.3459, -9.6119, 386.3796, 2.6890, 0.0000, 1.0295, 2.8794, 10:00:00
106, 2024-10-17 10:14:45, 47.5485, -39.9896, -9.6132, 386.3796, 2.6858, 0.0000, 1.0511, 2.8841, 10:05:00
106, 2024-10-17 10:19:45, 46.8576, -38.5990, -9.6144, 386.3796, 2.6828, 0.0000, 1.0729, 2.8894, 10:10:00
106, 2024-10-17 10:24:45, 46.1877, -37.1738, -9.6157, 386.3796, 2.6801, 0.0000, 1.0949, 2.8951, 10:15:00
106, 2024-10-17 10:29:45, 45.5398, -35.7134, -9.6170, 386.3796, 2.6777, 0.0000, 1.1172, 2.9014, 10:20:00
106, 2024-10-17 10:34:45, 44.9147, -34.2175, -9.6182, 386.3796, 2.6755, 0.0000, 1.1396, 2.9081, 10:25:00
106, 2024-10-17 10:39:45, 44.3135, -32.6860, -9.6195, 386.3796, 2.6736, 0.0000, 1.1621, 2.9152, 10:30:00
106, 2024-10-17 10:44:45, 43.7372, -31.1188, -9.6207, 386.3796, 2.6719, 0.0000, 1.1847, 2.9228, 10:35:00
106, 2024-10-17 10:49:45, 43.1868, -29.5160, -9.6220, 386.3796, 2.6705, 0.0000, 1.2074, 2.9308, 10:40:00
106, 2024-10-17 10:54:45, 42.6632, -27.8780, -9.6233, 386.3796, 2.6693, 0.0000, 1.2302, 2.9392, 10:45:00
106, 2024-10-17 10:59:45, 42.1676, -26.2054, -9.6245, 386.3796, 2.6684, 0.0000, 1.2530, 2.9479, 10:50:00
106, 2024-10-17 11:04:45, 41.7009, -24.4988, -9.6258, 386.3796, 2.6677, 0.0000, 1.2757, 2.9570, 10:55:00
106, 2024-10-17 11:09:45, 41.2641, -22.7593, -9.6270, 386.3796, 2.6672, 0.0000, 1.2984, 2.9664, 11:00:00
106, 2024-10-17 11:14:45, 40.8582, -20.9880, -9.6283, 386.3796, 2.6669, 0.0000, 1.3210, 2.9761, 11:05:00
106, 2024-10-17 11:19:45, 40.4841, -19.1864, -9.6296, 386.3796, 2.6668, 0.0000, 1.3435, 2.9861, 11:10:00
106, 2024-10-17 11:24:45, 40.1427, -17.3563, -9.6308, 386.3796, 2.6670, 0.0000, 1.3659, 2.9964, 11:15:00
106, 2024-10-17 11:29:45, 39.8349, -15.4995, -9.6321, 386.3796, 2.6673, 0.0000, 1.3881, 3.0069, 11:20:00
106, 2024-10-17 11:34:45, 39.5614, -13.6184, -9.6333, 386.3796, 2.6679, 0.0000, 1.4101, 3.0176, 11:25:00
106, 2024-10-17 11:39:45, 39.3231, -11.7154, -9.6346, 386.3796, 2.6686, 0.0000, 1.4319, 3.0285, 11:30:00
106, 2024-10-17 11:44:45, 39.1204, -9.7932, -9.6359, 386.3796, 2.6695, 0.0000, 1.4535, 3.0396, 11:35:00
106, 2024-10-17 11:49:45, 38.9540, -7.8546, -9.6371, 386.3796, 2.6706, 0.0000, 1.4748, 3.0508, 11:40:00
106, 2024-10-17 11:54:45, 38.8244, -5.9027, -9.6384, 386.3796, 2.6719, 0.0000, 1.4958, 3.0621, 11:45:00
106, 2024-10-17 11:59:45, 38.7319, -3.9407, -9.6397, 386.3796, 2.6733, 0.0000, 1.5165, 3.0735, 11:50:00
106, 2024-10-17 12:04:45, 38.6768, -1.9720, -9.6409, 386.3796, 2.6749, 0.0000, 1.5369, 3.0850, 11:55:00
106, 2024-10-17 12:09:45, 38.6593, -0.0000, -9.6422, 386.3796, 2.6766, 0.0000, 1.5570, 3.0965, 12:00:00
106, 2024-10-17 12:14:45, 38.6793, 1.9719, -9.6434, 386.3796, 2.6785, 0.0000, 1.5767, 3.1081, 12:05:00
106, 2024-10-17 12:19:45, 38.7369, 3.9402, -9.6447, 386.3796, 2.6805, 0.0000, 1.5960, 3.1197, 12:10:00
106, 2024-10-17 12:24:45, 38.8319, 5.9015, -9.6460, 386.3796, 2.6826, 0.0000, 1.6150, 3.1312, 12:15:00
106, 2024-10-17 12:29:45, 38.9640, 7.8525, -9.6472, 386.3796, 2.6848, 0.0000, 1.6335, 3.1427, 12:20:00
106, 2024-10-17 12:34:45, 39.1328, 9.7901, -9.6485, 386.3796, 2.6872, 0.0000, 1.6516, 3.1542, 12:25:00
106, 2024-10-17 12:39:45, 39.3379, 11.7111, -9.6497, 386.3796, 2.6897, 0.0000, 1.6692, 3.1655, 12:30:00
106, 2024-10-17 12:44:45, 39.5787, 13.6126, -9.6510, 386.3796, 2.6922, 0.0000, 1.6864, 3.1768, 12:35:00
106, 2024-10-17 12:49:45, 39.8545, 15.4920, -9.6523, 386.3796, 2.6948, 0.0000, 1.7031, 3.1879, 12:40:00
106, 2024-10-17 12:54:45, 40.1646, 17.3469, -9.6535, 386.3796, 2.6976, 0.0000, 1.7194, 3.1989, 12:45:00
106, 2024-10-17 12:59:45, 40.5082, 19.1750, -9.6548, 386.3796, 2.7004, 0.0000, 1.7351, 3.2098, 12:50:00
106, 2024-10-17 13:04:45, 40.8845, 20.9745, -9.6560, 386.3796, 2.7032, 0.0000, 1.7504, 3.2204, 12:55:00
106, 2024-10-17 13:09:45, 41.2925, 22.7435, -9.6573, 386.3796, 2.7061, 0.0000, 1.7651, 3.2309, 13:00:00
106, 2024-10-17 13:14:45, 41.7314, 24.4807, -9.6586, 386.3796, 2.7091, 0.0000, 1.7793, 3.2412, 13:05:00
106, 2024-10-17 13:19:45, 42.2000, 26.1848, -9.6598, 386.3796, 2.7121, 0.0000, 1.7930, 3.2512, 13:10:00
106, 2024-10-17 13:24:45, 42.6976, 27.8549, -9.6611, 386.3796, 2.7151, 0.0000, 1.8062, 3.2610, 13:15:00
106, 2024-10-17 13:29:45, 43.2230, 29.4902, -9.6623, 386.3796, 2.7182, 0.0000, 1.8188, 3.2706, 13:20:00
106, 2024-10-17 13:34:45, 43.7752, 31.0903, -9.6636, 386.3796, 2.7212, 0.0000, 1.8309, 3.2798, 13:25:00
106, 2024-10-17 13:39:45, 44.3533, 32.6548, -9.6649, 386.3796, 2.7243, 0.0000, 1.8425, 3.2888, 13:30:00
106, 2024-10-17 13:44:45, 44.9562, 34.1836, -9.6661, 386.3796, 2.7274, 0.0000, 1.8534, 3.2976, 13:35:00
106, 2024-10-17 13:49:45, 45.5829, 35.6768, -9.6674, 386.3796, 2.7304, 0.0000, 1.8639, 3.3060, 13:40:00
106, 2024-10-17 13:54:45, 46.2324, 37.1345, -9.6686, 386.3796, 2.7335, 0.0000, 1.8737, 3.3140, 13:45:00
106, 2024-10-17 13:59:45, 46.9038, 38.5570, -9.6699, 386.3796, 2.7365, 0.0000, 1.8830, 3.3218, 13:50:00
106, 2024-10-17 14:04:45, 47.5961, 39.9448, -9.6712, 386.3796, 2.7395, 0.0000, 1.8918, 3.3292, 13:55:00
106, 2024-10-17 14:09:45, 48.3084, 41.2984, -9.6724, 386.3796, 2.7424, 0.0000, 1.9000, 3.3363, 14:00:00
106, 2024-10-17 14:14:45, 49.0399, 42.6184, -9.6737, 386.3796, 2.7453, 0.0000, 1.9076, 3.3430, 14:05:00
106, 2024-10-17 14:19:45, 49.7896, 43.9056, -9.6749, 386.3796, 2.7481, 0.0000, 1.9146, 3.3493, 14:10:00
106, 2024-10-17 14:24:45, 50.5567, 45.1607, -9.6762, 386.3796, 2.7509, 0.0000, 1.9211, 3.3553, 14:15:00
106, 2024-10-17 14:29:45, 51.3405, 46.3845, -9.6775, 386.3796, 2.7535, 0.0000, 1.9270, 3.3609, 14:20:00
106, 2024-10-17 14:34:45, 52.1401, 47.5779, -9.6787, 386.3796, 2.7561, 0.0000, 1.9324, 3.3661, 14:25:00
106, 2024-10-17 14:39:45, 52.9549, 48.7417, -9.6800, 386.3796, 2.7586, 0.0000, 1.9372, 3.3709, 14:30:00
106, 2024-10-17 14:44:45, 53.7841, 49.8768, -9.6812, 386.3796, 2.7610, 0.0000, 1.9414, 3.3752, 14:35:00
106, 2024-10-17 14:49:45, 54.6270, 50.9842, -9.6825, 386.3796, 2.7633, 0.0000, 1.9451, 3.3792, 14:40:00
106, 2024-10-17 14:54:45, 55.4830, 52.0647, -9.6838, 386.3796, 2.7654, 0.0000, 1.9482, 3.3828, 14:45:00
106, 2024-10-17 14:59:45, 56.3515, 53.1192, -9.6850, 386.3796, 2.7675, 0.0000, 1.9508, 3.3859, 14:50:00
106, 2024-10-17 15:04:45, 57.2318, 54.1487, -9.6863, 386.3796, 2.7694, 0.0000, 1.9528, 3.3886, 14:55:00
106, 2024-10-17 15:09:45, 58.1235, 55.1541, -9.6875, 386.3796, 2.7711, 0.0000, 1.9543, 3.3909, 15:00:00
106, 2024-10-17 15:14:45, 59.0259, 56.1362, -9.6888, 386.3796, 2.7727, 0.0000, 1.9552, 3.3928, 15:05:00
106, 2024-10-17 15:19:45, 59.9386, 57.0960, -9.6901, 386.3796, 2.7741, 0.0000, 1.9556, 3.3942, 15:10:00
106, 2024-10-17 15:24:45, 60.8610, 58.0343, -9.6913, 386.3796, 2.7754, 0.0000, 1.9555, 3.3951, 15:15:00
106, 2024-10-17 15:29:45, 61.7928, 58.9520, -9.6926, 386.3796, 2.7765, 0.0000, 1.9548, 3.3956, 15:20:00
106, 2024-10-17 15:34:45, 62.7333, 59.8498, -9.6938, 386.3796, 2.7774, 0.0000, 1.9536, 3.3957, 15:25:00
106, 2024-10-17 15:39:45, 63.6823, 60.7286, -9.6951, 386.3796, 2.7781, 0.0000, 1.9519, 3.3953, 15:30:00
106, 2024-10-17 15:44:45, 64.6393, 61.5892, -9.6964, 386.3796, 2.7786, 0.0000, 1.9497, 3.3944, 15:35:00
106, 2024-10-17 15:49:45, 65.6039, 62.4323, -9.6976, 386.3796, 2.7789, 0.0000, 1.9470, 3.3931, 15:40:00
106, 2024-10-17 15:54:45, 66.5758, 63.2587, -9.6989, 386.3796, 2.7790, 0.0000, 1.9438, 3.3913, 15:45:00
106, 2024-10-17 15:59:45, 67.5545, 64.0691, -9.7001, 386.3796, 2.7789, 0.0000, 1.9400, 3.3891, 15:50:00
106, 2024-10-17 16:04:45, 68.5397, 64.8642, -9.7014, 386.3796, 2.7785, 0.0000, 1.9358, 3.3864, 15:55:00
106, 2024-11-06 08:41:14, 67.3897, -54.7327, -16.2541, 386.3796, 2.8775, 0.0000, 0.8790, 3.0087, 08:33:00
106, 2024-11-06 08:46:14, 66.5044, -53.8543, -16.2551, 386.3796, 2.8701, 0.0000, 0.8872, 3.0041, 08:38:00
106, 2024-11-06 08:51:14, 65.6290, -52.9582, -16.2561, 386.3796, 2.8630, 0.0000, 0.8962, 3.0000, 08:43:00
106, 2024-11-06 08:56:14, 64.7639, -52.0438, -16.2572, 386.3796, 2.8561, 0.0000, 0.9059, 2.9963, 08:48:00
106, 2024-11-06 09:01:14, 63.9096, -51.1105, -16.2582, 386.3796, 2.8493, 0.0000, 0.9164, 2.9931, 08:53:00
106, 2024-11-06 09:06:14, 63.0665, -50.1578, -16.2592, 386.3796, 2.8428, 0.0000, 0.9276, 2.9903, 08:58:00
106, 2024-11-06 09:08:14, 62.7325, -49.7711, -16.2596, 386.3796, 2.8402, 0.0000, 0.9322, 2.9893, 09:00:00
106, 2024-11-06 09:13:14, 61.9059, -48.7902, -16.2606, 386.3796, 2.8340, 0.0000, 0.9443, 2.9872, 09:05:00
106, 2024-11-06 09:18:14, 61.0917, -47.7884, -16.2617, 386.3796, 2.8279, 0.0000, 0.9571, 2.9855, 09:10:00
106, 2024-11-06 09:23:14, 60.2904, -46.7652, -16.2627, 386.3796, 2.8221, 0.0000, 0.9704, 2.9843, 09:15:00
106, 2024-11-06 09:28:14, 59.5026, -45.7201, -16.2637, 386.3796, 2.8166, 0.0000, 0.9843, 2.9836, 09:20:00
106, 2024-11-06 09:33:14, 58.7288, -44.6525, -16.2648, 386.3796, 2.8112, 0.0000, 0.9988, 2.9834, 09:25:00
106, 2024-11-06 09:38:14, 57.9696, -43.5619, -16.2658, 386.3796, 2.8061, 0.0000, 1.0138, 2.9836, 09:30:00
106, 2024-11-06 09:43:14, 57.2257, -42.4477, -16.2668, 386.3796, 2.8012, 0.0000, 1.0293, 2.9843, 09:35:00
106, 2024-11-06 09:48:14, 56.4975, -41.3096, -16.2678, 386.3796, 2.7965, 0.0000, 1.0453, 2.9855, 09:40:00
106, 2024-11-06 09:53:14, 55.7858, -40.1471, -16.2689, 386.3796, 2.7921, 0.0000, 1.0617, 2.9871, 09:45:00
106, 2024-11-06 09:58:14, 55.0912, -38.9598, -16.2699, 386.3796, 2.7878, 0.0000, 1.0785, 2.9892, 09:50:00
106, 2024-11-06 10:03:14, 54.4144, -37.7473, -16.2709, 386.3796, 2.7839, 0.0000, 1.0956, 2.9917, 09:55:00
106, 2024-11-06 10:08:14, 53.7561, -36.5094, -16.2719, 386.3796, 2.7801, 0.0000, 1.1132, 2.9947, 10:00:00
106, 2024-11-06 10:13:14, 53.1169, -35.2458, -16.2729, 386.3796, 2.7766, 0.0000, 1.1310, 2.9981, 10:05:00
106, 2024-11-06 10:18:14, 52.4975, -33.9563, -16.2740, 386.3796, 2.7733, 0.0000, 1.1491, 3.0020, 10:10:00
106, 2024-11-06 10:23:14, 51.8988, -32.6409, -16.2750, 386.3796, 2.7702, 0.0000, 1.1675, 3.0062, 10:15:00
106, 2024-11-06 10:28:14, 51.3214, -31.2996, -16.2760, 386.3796, 2.7674, 0.0000, 1.1861, 3.0109, 10:20:00
106, 2024-11-06 10:33:14, 50.7660, -29.9324, -16.2770, 386.3796, 2.7648, 0.0000, 1.2050, 3.0159, 10:25:00
106, 2024-11-06 10:38:14, 50.2335, -28.5396, -16.2781, 386.3796, 2.7624, 0.0000, 1.2240, 3.0214, 10:30:00
106, 2024-11-06 10:43:14, 49.7245, -27.1213, -16.2791, 386.3796, 2.7602, 0.0000, 1.2431, 3.0272, 10:35:00
106, 2024-11-06 10:48:14, 49.2397, -25.6780, -16.2801, 386.3796, 2.7582, 0.0000, 1.2624, 3.0333, 10:40:00
106, 2024-11-06 10:53:14, 48.7800, -24.2103, -16.2811, 386.3796, 2.7564, 0.0000, 1.2817, 3.0398, 10:45:00
106, 2024-11-06 10:58:14, 48.3460, -22.7187, -16.2822, 386.3796, 2.7548, 0.0000, 1.3011, 3.0466, 10:50:00
106, 2024-11-06 11:03:14, 47.9384, -21.2040, -16.2832, 386.3796, 2.7535, 0.0000, 1.3206, 3.0538, 10:55:00
106, 2024-11-06 11:08:14, 47.5580, -19.6672, -16.2842, 386.3796, 2.7523, 0.0000, 1.3400, 3.0612, 11:00:00
106, 2024-11-06 11:13:14, 47.2054, -18.1092, -16.2852, 386.3796, 2.7513, 0.0000, 1.3595, 3.0688, 11:05:00
106, 2024-11-06 11:18:14, 46.8811, -16.5313, -16.2863, 386.3796, 2.7505, 0.0000, 1.3789, 3.0768, 11:10:00
106, 2024-11-06 11:23:14, 46.5859, -14.9347, -16.2873, 386.3796, 2.7499, 0.0000, 1.3982, 3.0849, 11:15:00
106, 2024-11-06 11:28:14, 46.3203, -13.3208, -16.2883, 386.3796, 2.7494, 0.0000, 1.4174, 3.0933, 11:20:00
106, 2024-11-06 11:33:14, 46.0847, -11.6914, -16.2893, 386.3796, 2.7491, 0.0000, 1.4366, 3.1018, 11:25:00
106, 2024-11-06 11:38:14, 45.8797, -10.0479, -16.2904, 386.3796, 2.7490, 0.0000, 1.4555, 3.1106, 11:30:00
106, 2024-11-06 11:43:14, 45.7057, -8.3923, -16.2914, 386.3796, 2.7491, 0.0000, 1.4744, 3.1195, 11:35:00
106, 2024-11-06 11:48:14, 45.5630, -6.7264, -16.2924, 386.3796, 2.7493, 0.0000, 1.4930, 3.1285, 11:40:00
106, 2024-11-06 11:53:14, 45.4519, -5.0521, -16.2934, 386.3796, 2.7496, 0.0000, 1.5114, 3.1376, 11:45:00
106, 2024-11-06 11:58:14, 45.3727, -3.3715, -16.2945, 386.3796, 2.7501, 0.0000, 1.5297, 3.1469, 11:50:00
106, 2024-11-06 12:03:14, 45.3255, -1.6868, -16.2955, 386.3796, 2.7507, 0.0000, 1.5476, 3.1562, 11:55:00
106, 2024-11-06 12:08:14, 45.3105, 0.0000, -16.2965, 386.3796, 2.7515, 0.0000, 1.5653, 3.1656, 12:00:00
106, 2024-11-06 12:13:14, 45.3276, 1.6868, -16.2975, 386.3796, 2.7523, 0.0000, 1.5828, 3.1750, 12:05:00
106, 2024-11-06 12:18:14, 45.3768, 3.3713, -16.2986, 386.3796, 2.7533, 0.0000, 1.5999, 3.1844, 12:10:00
106, 2024-11-06 12:23:14, 45.4581, 5.0515, -16.2996, 386.3796, 2.7544, 0.0000, 1.6167, 3.1938, 12:15:00
106, 2024-11-06 12:28:14, 45.5711, 6.7252, -16.3006, 386.3796, 2.7556, 0.0000, 1.6332, 3.2032, 12:20:00
106, 2024-11-06 12:33:14, 45.7158, 8.3905, -16.3016, 386.3796, 2.7569, 0.0000, 1.6493, 3.2126, 12:25:00
106, 2024-11-06 12:38:14, 45.8918, 10.0453, -16.3026, 386.3796, 2.7583, 0.0000, 1.6651, 3.2219, 12:30:00
106, 2024-11-06 12:43:14, 46.0988, 11.6878, -16.3037, 386.3796, 2.7597, 0.0000, 1.6805, 3.2311, 12:35:00
106, 2024-11-06 12:48:14, 46.3363, 13.3162, -16.3047, 386.3796, 2.7613, 0.0000, 1.6955, 3.2403, 12:40:00
106, 2024-11-06 12:53:14, 46.6038, 14.9288, -16.3057, 386.3796, 2.7629, 0.0000, 1.7102, 3.2493, 12:45:00
106, 2024-11-06 12:58:14, 46.9009, 16.5240, -16.3067, 386.3796, 2.7645, 0.0000, 1.7244, 3.2582, 12:50:00
106, 2024-11-06 13:03:14, 47.2270, 18.1006, -16.3078, 386.3796, 2.7662, 0.0000, 1.7382, 3.2670, 12:55:00
106, 2024-11-06 13:08:14, 47.5814, 19.6570, -16.3088, 386.3796, 2.7680, 0.0000, 1.7515, 3.2756, 13:00:00
106, 2024-11-06 13:13:14, 47.9636, 21.1923, -16.3098, 386.3796, 2.7698, 0.0000, 1.7644, 3.2841, 13:05:00
106, 2024-11-06 13:18:14, 48.3728, 22.7053, -16.3108, 386.3796, 2.7716, 0.0000, 1.7769, 3.2923, 13:10:00
106, 2024-11-06 13:23:14, 48.8085, 24.1951, -16.3118, 386.3796, 2.7735, 0.0000, 1.7889, 3.3004, 13:15:00
106, 2024-11-06 13:28:14, 49.2698, 25.6610, -16.3129, 386.3796, 2.7753, 0.0000, 1.8005, 3.3082, 13:20:00
106, 2024-11-06 13:33:14, 49.7561, 27.1024, -16.3139, 386.3796, 2.7772, 0.0000, 1.8116, 3.3158, 13:25:00
106, 2024-11-06 13:38:14, 50.2666, 28.5188, -16.3149, 386.3796, 2.7791, 0.0000, 1.8222, 3.3232, 13:30:00
106, 2024-11-06 13:43:14, 50.8007, 29.9097, -16.3159, 386.3796, 2.7809, 0.0000, 1.8323, 3.3303, 13:35:00
106, 2024-11-06 13:48:14, 51.3574, 31.2749, -16.3170, 386.3796, 2.7828, 0.0000, 1.8419, 3.3372, 13:40:00
106, 2024-11-06 13:53:14, 51.9362, 32.6142, -16.3180, 386.3796, 2.7846, 0.0000, 1.8511, 3.3437, 13:45:00
106, 2024-11-06 13:58:14, 52.5363, 33.9275, -16.3190, 386.3796, 2.7864, 0.0000, 1.8598, 3.3500, 13:50:00
106, 2024-11-06 14:03:14, 53.1569, 35.2149, -16.3200, 386.3796, 2.7881, 0.0000, 1.8679, 3.3560, 13:55:00
106, 2024-11-06 14:08:14, 53.7973, 36.4764, -16.3211, 386.3796, 2.7898, 0.0000, 1.8756, 3.3617, 14:00:00
106, 2024-11-06 14:13:14, 54.4569, 37.7122, -16.3221, 386.3796, 2.7914, 0.0000, 1.8827, 3.3670, 14:05:00
106, 2024-11-06 14:18:14, 55.1348, 38.9226, -16.3231, 386.3796, 2.7930, 0.0000, 1.8894, 3.3721, 14:10:00
106, 2024-11-06 14:23:14, 55.8305, 40.1079, -16.3241, 386.3796, 2.7945, 0.0000, 1.8956, 3.3768, 14:15:00
106, 2024-11-06 14:28:14, 56.5433, 41.2683, -16.3251, 386.3796, 2.7960, 0.0000, 1.9012, 3.3811, 14:20:00
106, 2024-11-06 14:33:14, 57.2725, 42.4044, -16.3262, 386.3796, 2.7973, 0.0000, 1.9064, 3.3851, 14:25:00
106, 2024-11-06 14:38:14, 58.0174, 43.5164, -16.3272, 386.3796, 2.7985, 0.0000, 1.9110, 3.3888, 14:30:00
106, 2024-11-06 14:43:14, 58.7775, 44.6050, -16.3282, 386.3796, 2.7997, 0.0000, 1.9151, 3.3920, 14:35:00
106, 2024-11-06 14:48:14, 59.5522, 45.6706, -16.3292, 386.3796, 2.8007, 0.0000, 1.9188, 3.3949, 14:40:00
106, 2024-11-06 14:53:14, 60.3409, 46.7137, -16.3302, 386.3796, 2.8016, 0.0000, 1.9219, 3.3974, 14:45:00
106, 2024-11-06 14:58:14, 61.1430, 47.7348, -16.3313, 386.3796, 2.8024, 0.0000, 1.9245, 3.3996, 14:50:00
106, 2024-11-06 15:03:14, 61.9580, 48.7346, -16.3323, 386.3796, 2.8030, 0.0000, 1.9267, 3.4013, 14:55:00
106, 2024-11-06 15:08:14, 62.7854, 49.7135, -16.3333, 386.3796, 2.8035, 0.0000, 1.9283, 3.4027, 15:00:00
106, 2024-11-06 15:13:14, 63.6246, 50.6722, -16.3343, 386.3796, 2.8039, 0.0000, 1.9295, 3.4036, 15:05:00
106, 2024-11-06 15:18:14, 64.4752, 51.6112, -16.3354, 386.3796, 2.8041, 0.0000, 1.9302, 3.4042, 15:10:00
106, 2024-11-06 15:23:14, 65.3368, 52.5311, -16.3364, 386.3796, 2.8041, 0.0000, 1.9303, 3.4043, 15:15:00
106, 2024-11-06 15:28:14, 66.2088, 53.4325, -16.3374, 386.3796, 2.8040, 0.0000, 1.9300, 3.4040, 15:20:00
106, 2024-11-06 15:33:14, 67.0908, 54.3159, -16.3384, 386.3796, 2.8036, 0.0000, 1.9293, 3.4033, 15:25:00
106, 2024-11-06 15:38:14, 67.9823, 55.1820, -16.3394, 386.3796, 2.8031, 0.0000, 1.9280, 3.4022, 15:30:00
106, 2024-11-06 15:43:14, 68.8831, 56.0313, -16.3405, 386.3796, 2.8024, 0.0000, 1.9263, 3.4006, 15:35:00
106, 2024-11-06 15:48:14, 69.7927, 56.8644, -16.3415, 386.3796, 2.8015, 0.0000, 1.9241, 3.3987, 15:40:00
106, 2024-11-06 15:53:14, 70.7107, 57.6817, -16.3425, 386.3796, 2.8004, 0.0000, 1.9215, 3.3963, 15:45:00
106, 2024-11-06 15:58:14, 71.6367, 58.4840, -16.3435, 386.3796, 2.7991, 0.0000, 1.9184, 3.3934, 15:50:00
106, 2024-11-06 16:03:14, 72.5704, 59.2716, -16.3445, 386.3796, 2.7976, 0.0000, 1.9149, 3.3902, 15:55:00
106, 2024-12-21 09:14:01, 69.3684, -46.0158, -23.4381, 386.3796, 2.9265, 0.0000, 1.0594, 3.1124, 08:51:00
106, 2024-12-21 09:19:01, 68.5898, -45.1160, -23.4381, 386.3796, 2.9208, 0.0000, 1.0669, 3.1096, 08:56:00
106, 2024-12-21 09:23:01, 67.9757, -44.3842, -23.4381, 386.3796, 2.9163, 0.0000, 1.0734, 3.1076, 09:00:00
106, 2024-12-21 09:28:01, 67.2191, -43.4540, -23.4380, 386.3796, 2.9109, 0.0000, 1.0820, 3.1055, 09:05:00
106, 2024-12-21 09:33:01, 66.4755, -42.5064, -23.4380, 386.3796, 2.9056, 0.0000, 1.0913, 3.1037, 09:10:00
106, 2024-12-21 09:38:01, 65.7453, -41.5411, -23.4380, 386.3796, 2.9004, 0.0000, 1.1011, 3.1023, 09:15:00
106, 2024-12-21 09:43:01, 65.0288, -40.5578, -23.4380, 386.3796, 2.8953, 0.0000, 1.1114, 3.1013, 09:20:00
106, 2024-12-21 09:48:01, 64.3267, -39.5563, -23.4380, 386.3796, 2.8905, 0.0000, 1.1223, 3.1007, 09:25:00
106, 2024-12-21 09:53:01, 63.6393, -38.5363, -23.4380, 386.3796, 2.8857, 0.0000, 1.1336, 3.1004, 09:30:00
106, 2024-12-21 09:58:01, 62.9673, -37.4976, -23.4380, 386.3796, 2.8812, 0.0000, 1.1455, 3.1005, 09:35:00
106, 2024-12-21 10:03:01, 62.3110, -36.4400, -23.4380, 386.3796, 2.8768, 0.0000, 1.1577, 3.1010, 09:40:00
106, 2024-12-21 10:08:01, 61.6710, -35.3634, -23.4380, 386.3796, 2.8726, 0.0000, 1.1704, 3.1019, 09:45:00
106, 2024-12-21 10:13:01, 61.0479, -34.2677, -23.4380, 386.3796, 2.8685, 0.0000, 1.1835, 3.1031, 09:50:00
106, 2024-12-21 10:18:01, 60.4422, -33.1528, -23.4380, 386.3796, 2.8646, 0.0000, 1.1970, 3.1047, 09:55:00
106, 2024-12-21 10:23:01, 59.8544, -32.0186, -23.4380, 386.3796, 2.8609, 0.0000, 1.2108, 3.1066, 10:00:00
106, 2024-12-21 10:28:01, 59.2850, -30.8652, -23.4379, 386.3796, 2.8574, 0.0000, 1.2250, 3.1089, 10:05:00
106, 2024-12-21 10:33:01, 58.7346, -29.6927, -23.4379, 386.3796, 2.8540, 0.0000, 1.2394, 3.1115, 10:10:00
106, 2024-12-21 10:38:01, 58.2038, -28.5011, -23.4379, 386.3796, 2.8508, 0.0000, 1.2541, 3.1145, 10:15:00
106, 2024-12-21 10:43:01, 57.6931, -27.2906, -23.4379, 386.3796, 2.8478, 0.0000, 1.2691, 3.1178, 10:20:00
106, 2024-12-21 10:48:01, 57.2030, -26.0616, -23.4379, 386.3796, 2.8450, 0.0000, 1.2843, 3.1214, 10:25:00
106, 2024-12-21 10:53:01, 56.7341, -24.8142, -23.4379, 386.3796, 2.8423, 0.0000, 1.2997, 3.1253, 10:30:00
106, 2024-12-21 10:58:01, 56.2869, -23.5489, -23.4379, 386.3796, 2.8398, 0.0000, 1.3152, 3.1296, 10:35:00
106, 2024-12-21 11:03:01, 55.8619, -22.2662, -23.4379, 386.3796, 2.8374, 0.0000, 1.3309, 3.1341, 10:40:00
106, 2024-12-21 11:08:01, 55.4597, -20.9664, -23.4379, 386.3796, 2.8353, 0.0000, 1.3468, 3.1389, 10:45:00
106, 2024-12-21 11:13:01, 55.0808, -19.6503, -23.4379, 386.3796, 2.8332, 0.0000, 1.3627, 3.1439, 10:50:00
106, 2024-12-21 11:18:01, 54.7256, -18.3184, -23.4379, 386.3796, 2.8314, 0.0000, 1.3787, 3.1492, 10:55:00
106, 2024-12-21 11:23:01, 54.3947, -16.9716, -23.4378, 386.3796, 2.8297, 0.0000, 1.3948, 3.1548, 11:00:00
106, 2024-12-21 11:28:01, 54.0884, -15.6105, -23.4378, 386.3796, 2.8281, 0.0000, 1.4109, 3.1605, 11:05:00
106, 2024-12-21 11:33:01, 53.8072, -14.2362, -23.4378, 386.3796, 2.8267, 0.0000, 1.4270, 3.1665, 11:10:00
106, 2024-12-21 11:38:01, 53.5515, -12.8495, -23.4378, 386.3796, 2.8255, 0.0000, 1.4431, 3.1727, 11:15:00
106, 2024-12-21 11:43:01, 53.3217, -11.4515, -23.4378, 386.3796, 2.8243, 0.0000, 1.4592, 3.1790, 11:20:00
106, 2024-12-21 11:48:01, 53.1181, -10.0432, -23.4378, 386.3796, 2.8234, 0.0000, 1.4752, 3.1855, 11:25:00
106, 2024-12-21 11:53:01, 52.9410, -8.6258, -23.4378, 386.3796, 2.8225, 0.0000, 1.4912, 3.1922, 11:30:00
106, 2024-12-21 11:58:01, 52.7907, -7.2005, -23.4378, 386.3796, 2.8218, 0.0000, 1.5070, 3.1990, 11:35:00
106, 2024-12-21 12:03:01, 52.6673, -5.7685, -23.4378, 386.3796, 2.8212, 0.0000, 1.5228, 3.2059, 11:40:00
106, 2024-12-21 12:08:01, 52.5712, -4.3312, -23.4377, 386.3796, 2.8207, 0.0000, 1.5384, 3.2130, 11:45:00
106, 2024-12-21 12:13:01, 52.5024, -2.8897, -23.4377, 386.3796, 2.8204, 0.0000, 1.5538, 3.2201, 11:50:00
106, 2024-12-21 12:18:01, 52.4611, -1.4456, -23.4377, 386.3796, 2.8201, 0.0000, 1.5691, 3.2272, 11:55:00
106, 2024-12-21 12:23:01, 52.4474, -0.0001, -23.4377, 386.3796, 2.8200, 0.0000, 1.5842, 3.2345, 12:00:00
106, 2024-12-21 12:28:01, 52.4611, 1.4455, -23.4377, 386.3796, 2.8199, 0.0000, 1.5991, 3.2418, 12:05:00
106, 2024-12-21 12:33:01, 52.5024, 2.8896, -23.4377, 386.3796, 2.8199, 0.0000, 1.6138, 3.2491, 12:10:00
106, 2024-12-21 12:38:01, 52.5711, 4.3311, -23.4377, 386.3796, 2.8201, 0.0000, 1.6282, 3.2564, 12:15:00
106, 2024-12-21 12:43:01, 52.6672, 5.7684, -23.4377, 386.3796, 2.8203, 0.0000, 1.6424, 3.2637, 12:20:00
106, 2024-12-21 12:48:01, 52.7905, 7.2004, -23.4377, 386.3796, 2.8206, 0.0000, 1.6563, 3.2709, 12:25:00
106, 2024-12-21 12:53:01, 52.9408, 8.6257, -23.4376, 386.3796, 2.8209, 0.0000, 1.6700, 3.2782, 12:30:00
106, 2024-12-21 12:58:01, 53.1179, 10.0431, -23.4376, 386.3796, 2.8213, 0.0000, 1.6833, 3.2854, 12:35:00
106, 2024-12-21 13:03:01, 53.3215, 11.4514, -23.4376, 386.3796, 2.8218, 0.0000, 1.6964, 3.2925, 12:40:00
106, 2024-12-21 13:08:01, 53.5513, 12.8494, -23.4376, 386.3796, 2.8223, 0.0000, 1.7091, 3.2995, 12:45:00
106, 2024-12-21 13:13:01, 53.8070, 14.2361, -23.4376, 386.3796, 2.8229, 0.0000, 1.7215, 3.3064, 12:50:00
106, 2024-12-21 13:18:01, 54.0881, 15.6105, -23.4376, 386.3796, 2.8235, 0.0000, 1.7336, 3.3132, 12:55:00
106, 2024-12-21 13:23:01, 54.3944, 16.9715, -23.4376, 386.3796, 2.8241, 0.0000, 1.7453, 3.3199, 13:00:00
106, 2024-12-21 13:28:01, 54.7253, 18.3184, -23.4376, 386.3796, 2.8248, 0.0000, 1.7566, 3.3265, 13:05:00
106, 2024-12-21 13:33:01, 55.0805, 19.6503, -23.4375, 386.3796, 2.8255, 0.0000, 1.7676, 3.3328, 13:10:00
106, 2024-12-21 13:38:01, 55.4594, 20.9665, -23.4375, 386.3796, 2.8262, 0.0000, 1.7783, 3.3391, 13:15:00
106, 2024-12-21 13:43:01, 55.8616, 22.2662, -23.4375, 386.3796, 2.8268, 0.0000, 1.7885, 3.3451, 13:20:00
106, 2024-12-21 13:48:01, 56.2865, 23.5490, -23.4375, 386.3796, 2.8275, 0.0000, 1.7983, 3.3510, 13:25:00
106, 2024-12-21 13:53:01, 56.7337, 24.8143, -23.4375, 386.3796, 2.8282, 0.0000, 1.8078, 3.3566, 13:30:00
106, 2024-12-21 13:58:01, 57.2026, 26.0617, -23.4375, 386.3796, 2.8289, 0.0000, 1.8168, 3.3620, 13:35:00
106, 2024-12-21 14:03:01, 57.6926, 27.2908, -23.4375, 386.3796, 2.8295, 0.0000, 1.8254, 3.3672, 13:40:00
106, 2024-12-21 14:08:01, 58.2034, 28.5012, -23.4375, 386.3796, 2.8301, 0.0000, 1.8337, 3.3722, 13:45:00
106, 2024-12-21 14:13:01, 58.7342, 29.6928, -23.4374, 386.3796, 2.8307, 0.0000, 1.8415, 3.3769, 13:50:00
106, 2024-12-21 14:18:01, 59.2845, 30.8654, -23.4374, 386.3796, 2.8312, 0.0000, 1.8488, 3.3814, 13:55:00
106, 2024-12-21 14:23:01, 59.8539, 32.0188, -23.4374, 386.3796, 2.8317, 0.0000, 1.8558, 3.3856, 14:00:00
106, 2024-12-21 14:28:01, 60.4417, 33.1530, -23.4374, 386.3796, 2.8321, 0.0000, 1.8623, 3.3895, 14:05:00
106, 2024-12-21 14:33:01, 61.0474, 34.2680, -23.4374, 386.3796, 2.8324, 0.0000, 1.8684, 3.3932, 14:10:00
106, 2024-12-21 14:38:01, 61.6705, 35.3637, -23.4374, 386.3796, 2.8327, 0.0000, 1.8741, 3.3965, 14:15:00
106, 2024-12-21 14:43:01, 62.3104, 36.4403, -23.4374, 386.3796, 2.8329, 0.0000, 1.8793, 3.3996, 14:20:00
106, 2024-12-21 14:48:01, 62.9667, 37.4979, -23.4373, 386.3796, 2.8330, 0.0000, 1.8841, 3.4023, 14:25:00
106, 2024-12-21 14:53:01, 63.6387, 38.5366, -23.4373, 386.3796, 2.8330, 0.0000, 1.8884, 3.4047, 14:30:00
106, 2024-12-21 14:58:01, 64.3261, 39.5566, -23.4373, 386.3796, 2.8329, 0.0000, 1.8924, 3.4068, 14:35:00
106, 2024-12-21 15:03:01, 65.0282, 40.5582, -23.4373, 386.3796, 2.8327, 0.0000, 1.8958, 3.4086, 14:40:00
106, 2024-12-21 15:08:01, 65.7446, 41.5415, -23.4373, 386.3796, 2.8324, 0.0000, 1.8989, 3.4100, 14:45:00
106, 2024-12-21 15:13:01, 66.4749, 42.5068, -23.4373, 386.3796, 2.8319, 0.0000, 1.9015, 3.4111, 14:50:00
106, 2024-12-21 15:18:01, 67.2185, 43.4545, -23.4373, 386.3796, 2.8313, 0.0000, 1.9037, 3.4118, 14:55:00
106, 2024-12-21 15:23:01, 67.9750, 44.3847, -23.4372, 386.3796, 2.8306, 0.0000, 1.9054, 3.4122, 15:00:00
106, 2024-12-21 15:28:01, 68.7439, 45.2979, -23.4372, 386.3796, 2.8298, 0.0000, 1.9067, 3.4122, 15:05:00
106, 2024-12-21 15:33:01, 69.5249, 46.1943, -23.4372, 386.3796, 2.8288, 0.0000, 1.9076, 3.4119, 15:10:00
106, 2024-12-21 15:38:01, 70.3174, 47.0743, -23.4372, 386.3796, 2.8276, 0.0000, 1.9081, 3.4112, 15:15:00
106, 2024-12-21 15:43:01, 71.1211, 47.9382, -23.4372, 386.3796, 2.8263, 0.0000, 1.9081, 3.4101, 15:20:00
106, 2024-12-21 15:48:01, 71.9356, 48.7865, -23.4372, 386.3796, 2.8248, 0.0000, 1.9077, 3.4086, 15:25:00
106, 2024-12-21 15:53:01, 72.7604, 49.6194, -23.4372, 386.3796, 2.8231, 0.0000, 1.9069, 3.4068, 15:30:00
106, 2024-12-21 15:58:01, 73.5951, 50.4373, -23.4371, 386.3796, 2.8213, 0.0000, 1.9057, 3.4046, 15:35:00
106, 2024-12-21 16:03:01, 74.4394, 51.2407, -23.4371, 386.3796, 2.8192, 0.0000, 1.9041, 3.4020, 15:40:00
106, 2024-12-21 16:08:01, 75.2929, 52.0298, -23.4371, 386.3796, 2.8170, 0.0000, 1.9021, 3.3990, 15:45:00
106, 2024-12-21 16:13:01, 76.1551, 52.8050, -23.4371, 386.3796, 2.8145, 0.0000, 1.8996, 3.3956, 15:50:00
106, 2024-12-21 16:18:01, 77.0258, 53.5667, -23.4371, 386.3796, 2.8119, 0.0000, 1.8968, 3.3919, 15:55:00
