id	Y-M-D h:m:s	cenit	acimut	declinacion	d	p1	p2	p3	r	hs:ms:ss
5087, 2024-06-21 07:25:34, 66.5503, -104.7951, 23.4364, 114.8646, 1.7972, 0.0000, 0.6637, 1.9158, 06:59:00
5087, 2024-06-21 07:26:34, 66.3393, -104.6980, 23.4364, 114.8646, 1.7998, 0.0000, 0.6775, 1.9231, 07:00:00
5087, 2024-06-21 07:31:34, 65.2827, -104.2138, 23.4363, 114.8646, 1.8123, 0.0000, 0.7471, 1.9603, 07:05:00
5087, 2024-06-21 07:36:34, 64.2238, -103.7316, 23.4363, 114.8646, 1.8239, 0.0000, 0.8172, 1.9987, 07:10:00
5087, 2024-06-21 07:41:34, 63.1626, -103.2510, 23.4363, 114.8646, 1.8346, 0.0000, 0.8879, 2.0382, 07:15:00
5087, 2024-06-21 07:46:34, 62.0992, -102.7717, 23.4363, 114.8646, 1.8443, 0.0000, 0.9591, 2.0788, 07:20:00
5087, 2024-06-21 07:51:34, 61.0337, -102.2935, 23.4363, 114.8646, 1.8529, 0.0000, 1.0309, 2.1204, 07:25:00
5087, 2024-06-21 07:56:34, 59.9662, -101.8160, 23.4363, 114.8646, 1.8605, 0.0000, 1.1031, 2.1629, 07:30:00
5087, 2024-06-21 08:01:34, 58.8967, -101.3389, 23.4362, 114.8646, 1.8668, 0.0000, 1.1758, 2.2062, 07:35:00
5087, 2024-06-21 08:06:34, 57.8254, -100.8619, 23.4362, 114.8646, 1.8720, 0.0000, 1.2489, 2.2503, 07:40:00
5087, 2024-06-21 08:11:34, 56.7523, -100.3847, 23.4362, 114.8646, 1.8758, 0.0000, 1.3223, 2.2950, 07:45:00
5087, 2024-06-21 08:16:34, 55.6775, -99.9069, 23.4362, 114.8646, 1.8782, 0.0000, 1.3959, 2.3401, 07:50:00
5087, 2024-06-21 08:21:34, 54.6011, -99.4281, 23.4362, 114.8646, 1.8791, 0.0000, 1.4698, 2.3857, 07:55:00
5087, 2024-06-21 08:26:34, 53.5231, -98.9480, 23.4361, 114.8646, 1.8785, 0.0000, 1.5437, 2.4314, 08:00:00
5087, 2024-06-21 08:31:34, 52.4437, -98.4662, 23.4361, 114.8646, 1.8763, 0.0000, 1.6175, 2.4773, 08:05:00
5087, 2024-06-21 08:36:34, 51.3629, -97.9822, 23.4361, 114.8646, 1.8723, 0.0000, 1.6912, 2.5230, 08:10:00
5087, 2024-06-21 08:41:34, 50.2807, -97.4955, 23.4361, 114.8646, 1.8666, 0.0000, 1.7645, 2.5686, 08:15:00
5087, 2024-06-21 08:46:34, 49.1974, -97.0058, 23.4361, 114.8646, 1.8590, 0.0000, 1.8373, 2.6137, 08:20:00
5087, 2024-06-21 08:51:34, 48.1128, -96.5124, 23.4361, 114.8646, 1.8494, 0.0000, 1.9094, 2.6582, 08:25:00
5087, 2024-06-21 08:56:34, 47.0271, -96.0148, 23.4360, 114.8646, 1.8378, 0.0000, 1.9806, 2.7019, 08:30:00
5087, 2024-06-21 09:01:34, 45.9405, -95.5125, 23.4360, 114.8646, 1.8241, 0.0000, 2.0508, 2.7446, 08:35:00
5087, 2024-06-21 09:06:34, 44.8528, -95.0047, 23.4360, 114.8646, 1.8082, 0.0000, 2.1196, 2.7861, 08:40:00
5087, 2024-06-21 09:11:34, 43.7643, -94.4908, 23.4360, 114.8646, 1.7902, 0.0000, 2.1870, 2.8262, 08:45:00
5087, 2024-06-21 09:16:34, 42.6750, -93.9700, 23.4360, 114.8646, 1.7699, 0.0000, 2.2526, 2.8647, 08:50:00
5087, 2024-06-21 09:21:34, 41.5850, -93.4416, 23.4359, 114.8646, 1.7474, 0.0000, 2.3162, 2.9014, 08:55:00
5087, 2024-06-21 09:26:34, 40.4944, -92.9046, 23.4359, 114.8646, 1.7226, 0.0000, 2.3777, 2.9361, 09:00:00
5087, 2024-06-21 09:31:34, 39.4032, -92.3579, 23.4359, 114.8646, 1.6956, 0.0000, 2.4367, 2.9686, 09:05:00
5087, 2024-06-21 09:36:34, 38.3116, -91.8006, 23.4359, 114.8646, 1.6664, 0.0000, 2.4932, 2.9988, 09:10:00
5087, 2024-06-21 09:41:34, 37.2196, -91.2314, 23.4359, 114.8646, 1.6350, 0.0000, 2.5468, 3.0264, 09:15:00
5087, 2024-06-21 09:46:34, 36.1274, -90.6490, 23.4358, 114.8646, 1.6015, 0.0000, 2.5974, 3.0515, 09:20:00
5087, 2024-06-21 09:51:34, 35.0350, -90.0518, 23.4358, 114.8646, 1.5660, 0.0000, 2.6449, 3.0737, 09:25:00
5087, 2024-06-21 09:56:34, 33.9427, -89.4382, 23.4358, 114.8646, 1.5286, 0.0000, 2.6890, 3.0931, 09:30:00
5087, 2024-06-21 10:01:34, 32.8504, -88.8063, 23.4358, 114.8646, 1.4894, 0.0000, 2.7298, 3.1097, 09:35:00
5087, 2024-06-21 10:06:34, 31.7583, -88.1540, 23.4358, 114.8646, 1.4485, 0.0000, 2.7670, 3.1232, 09:40:00
5087, 2024-06-21 10:11:34, 30.6667, -87.4788, 23.4357, 114.8646, 1.4060, 0.0000, 2.8007, 3.1338, 09:45:00
5087, 2024-06-21 10:16:34, 29.5756, -86.7779, 23.4357, 114.8646, 1.3622, 0.0000, 2.8308, 3.1415, 09:50:00
5087, 2024-06-21 10:21:34, 28.4853, -86.0482, 23.4357, 114.8646, 1.3171, 0.0000, 2.8573, 3.1463, 09:55:00
5087, 2024-06-21 10:26:34, 27.3960, -85.2861, 23.4357, 114.8646, 1.2709, 0.0000, 2.8802, 3.1482, 10:00:00
5087, 2024-06-21 10:31:34, 26.3079, -84.4872, 23.4357, 114.8646, 1.2239, 0.0000, 2.8996, 3.1473, 10:05:00
5087, 2024-06-21 10:36:34, 25.2213, -83.6467, 23.4356, 114.8646, 1.1761, 0.0000, 2.9156, 3.1438, 10:10:00
5087, 2024-06-21 10:41:34, 24.1365, -82.7588, 23.4356, 114.8646, 1.1277, 0.0000, 2.9282, 3.1378, 10:15:00
5087, 2024-06-21 10:46:34, 23.0539, -81.8166, 23.4356, 114.8646, 1.0789, 0.0000, 2.9375, 3.1294, 10:20:00
5087, 2024-06-21 10:51:34, 21.9739, -80.8120, 23.4356, 114.8646, 1.0298, 0.0000, 2.9437, 3.1187, 10:25:00
5087, 2024-06-21 10:56:34, 20.8971, -79.7354, 23.4356, 114.8646, 0.9806, 0.0000, 2.9470, 3.1058, 10:30:00
5087, 2024-06-21 11:01:34, 19.8241, -78.5749, 23.4355, 114.8646, 0.9314, 0.0000, 2.9474, 3.0911, 10:35:00
5087, 2024-06-21 11:06:34, 18.7557, -77.3165, 23.4355, 114.8646, 0.8823, 0.0000, 2.9452, 3.0745, 10:40:00
5087, 2024-06-21 11:11:34, 17.6927, -75.9426, 23.4355, 114.8646, 0.8335, 0.0000, 2.9404, 3.0563, 10:45:00
5087, 2024-06-21 11:16:34, 16.6365, -74.4317, 23.4355, 114.8646, 0.7851, 0.0000, 2.9334, 3.0366, 10:50:00
5087, 2024-06-21 11:21:34, 15.5884, -72.7569, 23.4354, 114.8646, 0.7371, 0.0000, 2.9242, 3.0157, 10:55:00
5087, 2024-06-21 11:26:34, 14.5504, -70.8843, 23.4354, 114.8646, 0.6897, 0.0000, 2.9130, 2.9935, 11:00:00
5087, 2024-06-21 11:31:34, 13.5248, -68.7708, 23.4354, 114.8646, 0.6429, 0.0000, 2.8999, 2.9703, 11:05:00
5087, 2024-06-21 11:36:34, 12.5148, -66.3610, 23.4354, 114.8646, 0.5968, 0.0000, 2.8852, 2.9463, 11:10:00
5087, 2024-06-21 11:41:34, 11.5247, -63.5834, 23.4354, 114.8646, 0.5514, 0.0000, 2.8690, 2.9215, 11:15:00
5087, 2024-06-21 11:46:34, 10.5601, -60.3451, 23.4353, 114.8646, 0.5068, 0.0000, 2.8514, 2.8961, 11:20:00
5087, 2024-06-21 11:51:34, 9.6288, -56.5255, 23.4353, 114.8646, 0.4630, 0.0000, 2.8326, 2.8702, 11:25:00
5087, 2024-06-21 11:56:34, 8.7417, -51.9703, 23.4353, 114.8646, 0.4201, 0.0000, 2.8126, 2.8438, 11:30:00
5087, 2024-06-21 12:01:34, 7.9135, -46.4878, 23.4353, 114.8646, 0.3781, 0.0000, 2.7917, 2.8172, 11:35:00
5087, 2024-06-21 12:06:34, 7.1650, -39.8579, 23.4353, 114.8646, 0.3369, 0.0000, 2.7699, 2.7904, 11:40:00
5087, 2024-06-21 12:11:34, 6.5236, -31.8691, 23.4352, 114.8646, 0.2967, 0.0000, 2.7474, 2.7634, 11:45:00
5087, 2024-06-21 12:16:34, 6.0237, -22.4095, 23.4352, 114.8646, 0.2573, 0.0000, 2.7242, 2.7363, 11:50:00
5087, 2024-06-21 12:21:34, 5.7028, -11.6157, 23.4352, 114.8646, 0.2188, 0.0000, 2.7004, 2.7093, 11:55:00
5087, 2024-06-21 12:26:34, 5.5917, 0.0002, 23.4352, 114.8646, 0.1813, 0.0000, 2.6762, 2.6823, 12:00:00
5087, 2024-06-21 12:31:34, 5.7028, 11.6161, 23.4351, 114.8646, 0.1446, 0.0000, 2.6515, 2.6555, 12:05:00
5087, 2024-06-21 12:36:34, 6.0238, 22.4096, 23.4351, 114.8646, 0.1089, 0.0000, 2.6265, 2.6288, 12:10:00
5087, 2024-06-21 12:41:34, 6.5237, 31.8689, 23.4351, 114.8646, 0.0740, 0.0000, 2.6013, 2.6023, 12:15:00
5087, 2024-06-21 12:46:34, 7.1651, 39.8573, 23.4351, 114.8646, 0.0399, 0.0000, 2.5758, 2.5761, 12:20:00
5087, 2024-06-21 12:51:34, 7.9137, 46.4869, 23.4351, 114.8646, 0.0067, 0.0000, 2.5501, 2.5501, 12:25:00
5087, 2024-06-21 12:56:34, 8.7419, 51.9692, 23.4350, 114.8646, -0.0257, 0.0000, 2.5243, 2.5245, 12:30:00
5087, 2024-06-21 13:01:34, 9.6291, 56.5242, 23.4350, 114.8646, -0.0573, 0.0000, 2.4985, 2.4991, 12:35:00
5087, 2024-06-21 13:06:34, 10.5603, 60.3436, 23.4350, 114.8646, -0.0881, 0.0000, 2.4726, 2.4741, 12:40:00
5087, 2024-06-21 13:11:34, 11.5249, 63.5818, 23.4350, 114.8646, -0.1181, 0.0000, 2.4467, 2.4495, 12:45:00
5087, 2024-06-21 13:16:34, 12.5151, 66.3593, 23.4349, 114.8646, -0.1474, 0.0000, 2.4208, 2.4252, 12:50:00
5087, 2024-06-21 13:21:34, 13.5250, 68.7690, 23.4349, 114.8646, -0.1760, 0.0000, 2.3949, 2.4014, 12:55:00
5087, 2024-06-21 13:26:34, 14.5506, 70.8825, 23.4349, 114.8646, -0.2038, 0.0000, 2.3692, 2.3779, 13:00:00
5087, 2024-06-21 13:31:34, 15.5887, 72.7550, 23.4349, 114.8646, -0.2310, 0.0000, 2.3435, 2.3548, 13:05:00
5087, 2024-06-21 13:36:34, 16.6368, 74.4298, 23.4348, 114.8646, -0.2575, 0.0000, 2.3179, 2.3322, 13:10:00
5087, 2024-06-21 13:41:34, 17.6930, 75.9406, 23.4348, 114.8646, -0.2834, 0.0000, 2.2925, 2.3099, 13:15:00
5087, 2024-06-21 13:46:34, 18.7560, 77.3145, 23.4348, 114.8646, -0.3087, 0.0000, 2.2672, 2.2881, 13:20:00
5087, 2024-06-21 13:51:34, 19.8244, 78.5729, 23.4348, 114.8646, -0.3333, 0.0000, 2.2420, 2.2667, 13:25:00
5087, 2024-06-21 13:56:34, 20.8974, 79.7333, 23.4347, 114.8646, -0.3574, 0.0000, 2.2170, 2.2456, 13:30:00
5087, 2024-06-21 14:01:34, 21.9742, 80.8099, 23.4347, 114.8646, -0.3810, 0.0000, 2.1922, 2.2250, 13:35:00
5087, 2024-06-21 14:06:34, 23.0542, 81.8145, 23.4347, 114.8646, -0.4040, 0.0000, 2.1675, 2.2048, 13:40:00
5087, 2024-06-21 14:11:34, 24.1368, 82.7567, 23.4347, 114.8646, -0.4264, 0.0000, 2.1430, 2.1850, 13:45:00
5087, 2024-06-21 14:16:34, 25.2216, 83.6446, 23.4346, 114.8646, -0.4484, 0.0000, 2.1187, 2.1656, 13:50:00
5087, 2024-06-21 14:21:34, 26.3083, 84.4851, 23.4346, 114.8646, -0.4699, 0.0000, 2.0946, 2.1466, 13:55:00
5087, 2024-06-21 14:26:34, 27.3964, 85.2839, 23.4346, 114.8646, -0.4909, 0.0000, 2.0706, 2.1280, 14:00:00
5087, 2024-06-21 14:31:34, 28.4857, 86.0460, 23.4346, 114.8646, -0.5114, 0.0000, 2.0469, 2.1098, 14:05:00
5087, 2024-06-21 14:36:34, 29.5761, 86.7757, 23.4346, 114.8646, -0.5315, 0.0000, 2.0233, 2.0920, 14:10:00
5087, 2024-06-21 14:41:34, 30.6671, 87.4765, 23.4345, 114.8646, -0.5512, 0.0000, 1.9999, 2.0745, 14:15:00
5087, 2024-06-21 14:46:34, 31.7588, 88.1517, 23.4345, 114.8646, -0.5705, 0.0000, 1.9768, 2.0574, 14:20:00
5087, 2024-06-21 14:51:34, 32.8508, 88.8040, 23.4345, 114.8646, -0.5894, 0.0000, 1.9537, 2.0407, 14:25:00
5087, 2024-06-21 14:56:34, 33.9431, 89.4359, 23.4345, 114.8646, -0.6079, 0.0000, 1.9309, 2.0243, 14:30:00
5087, 2024-06-21 15:01:34, 35.0355, 90.0495, 23.4344, 114.8646, -0.6260, 0.0000, 1.9083, 2.0083, 14:35:00
5087, 2024-06-21 15:06:34, 36.1279, 90.6467, 23.4344, 114.8646, -0.6438, 0.0000, 1.8858, 1.9927, 14:40:00
5087, 2024-06-21 15:11:34, 37.2201, 91.2291, 23.4344, 114.8646, -0.6613, 0.0000, 1.8635, 1.9773, 14:45:00
5087, 2024-06-21 15:16:34, 38.3121, 91.7983, 23.4344, 114.8646, -0.6784, 0.0000, 1.8414, 1.9624, 14:50:00
5087, 2024-06-21 15:21:34, 39.4038, 92.3556, 23.4343, 114.8646, -0.6952, 0.0000, 1.8194, 1.9477, 14:55:00
5087, 2024-06-21 15:26:34, 40.4949, 92.9022, 23.4343, 114.8646, -0.7117, 0.0000, 1.7976, 1.9334, 15:00:00
5087, 2024-06-21 15:31:34, 41.5856, 93.4392, 23.4343, 114.8646, -0.7279, 0.0000, 1.7760, 1.9194, 15:05:00
5087, 2024-06-21 15:36:34, 42.6756, 93.9677, 23.4342, 114.8646, -0.7438, 0.0000, 1.7545, 1.9057, 15:10:00
5087, 2024-06-21 15:41:34, 43.7649, 94.4884, 23.4342, 114.8646, -0.7595, 0.0000, 1.7332, 1.8923, 15:15:00
5087, 2024-06-21 15:46:34, 44.8534, 95.0023, 23.4342, 114.8646, -0.7748, 0.0000, 1.7120, 1.8792, 15:20:00
5087, 2024-06-21 15:51:34, 45.9411, 95.5100, 23.4342, 114.8646, -0.7900, 0.0000, 1.6910, 1.8664, 15:25:00
5087, 2024-06-21 15:56:34, 47.0278, 96.0124, 23.4341, 114.8646, -0.8048, 0.0000, 1.6701, 1.8539, 15:30:00
5087, 2024-06-21 16:01:34, 48.1135, 96.5099, 23.4341, 114.8646, -0.8195, 0.0000, 1.6493, 1.8417, 15:35:00
5087, 2024-06-21 16:06:34, 49.1980, 97.0033, 23.4341, 114.8646, -0.8339, 0.0000, 1.6287, 1.8298, 15:40:00
5087, 2024-06-21 16:11:34, 50.2814, 97.4931, 23.4341, 114.8646, -0.8480, 0.0000, 1.6082, 1.8181, 15:45:00
5087, 2024-06-21 16:16:34, 51.3636, 97.9797, 23.4340, 114.8646, -0.8620, 0.0000, 1.5878, 1.8067, 15:50:00
5087, 2024-06-21 16:21:34, 52.4444, 98.4637, 23.4340, 114.8646, -0.8758, 0.0000, 1.5676, 1.7956, 15:55:00
5087, 2024-06-21 16:26:34, 53.5239, 98.9455, 23.4340, 114.8646, -0.8893, 0.0000, 1.5474, 1.7848, 16:00:00
5087, 2024-06-21 16:31:34, 54.6019, 99.4256, 23.4340, 114.8646, -0.9027, 0.0000, 1.5274, 1.7742, 16:05:00
5087, 2024-06-21 16:36:34, 55.6783, 99.9044, 23.4339, 114.8646, -0.9159, 0.0000, 1.5074, 1.7639, 16:10:00
5087, 2024-06-21 16:41:34, 56.7531, 100.3821, 23.4339, 114.8646, -0.9289, 0.0000, 1.4876, 1.7538, 16:15:00
5087, 2024-06-21 16:46:34, 57.8262, 100.8593, 23.4339, 114.8646, -0.9418, 0.0000, 1.4678, 1.7440, 16:20:00
5087, 2024-06-21 16:51:34, 58.8976, 101.3363, 23.4339, 114.8646, -0.9544, 0.0000, 1.4481, 1.7344, 16:25:00
5087, 2024-06-21 16:56:34, 59.9671, 101.8134, 23.4338, 114.8646, -0.9669, 0.0000, 1.4286, 1.7250, 16:30:00
5087, 2024-06-21 17:01:34, 61.0346, 102.2909, 23.4338, 114.8646, -0.9793, 0.0000, 1.4091, 1.7159, 16:35:00
5087, 2024-06-21 17:06:34, 62.1002, 102.7691, 23.4338, 114.8646, -0.9915, 0.0000, 1.3896, 1.7071, 16:40:00
5087, 2024-06-21 17:11:34, 63.1636, 103.2483, 23.4337, 114.8646, -1.0036, 0.0000, 1.3703, 1.6985, 16:45:00
5087, 2024-06-21 17:16:34, 64.2249, 103.7289, 23.4337, 114.8646, -1.0155, 0.0000, 1.3510, 1.6901, 16:50:00
5087, 2024-06-21 17:21:34, 65.2838, 104.2112, 23.4337, 114.8646, -1.0273, 0.0000, 1.3317, 1.6819, 16:55:00
5087, 2024-08-03 07:46:43, 65.3993, -96.8610, 17.2626, 114.8646, 1.8690, 0.0000, 1.2039, 2.2231, 07:16:00
5087, 2024-08-03 07:51:43, 64.3155, -96.3122, 17.2617, 114.8646, 1.8728, 0.0000, 1.2631, 2.2590, 07:21:00
5087, 2024-08-03 07:56:43, 63.2304, -95.7612, 17.2607, 114.8646, 1.8758, 0.0000, 1.3227, 2.2952, 07:26:00
5087, 2024-08-03 08:01:43, 62.1441, -95.2075, 17.2598, 114.8646, 1.8778, 0.0000, 1.3824, 2.3318, 07:31:00
5087, 2024-08-03 08:06:43, 61.0568, -94.6507, 17.2589, 114.8646, 1.8790, 0.0000, 1.4423, 2.3687, 07:36:00
5087, 2024-08-03 08:11:43, 59.9685, -94.0902, 17.2580, 114.8646, 1.8791, 0.0000, 1.5024, 2.4058, 07:41:00
5087, 2024-08-03 08:16:43, 58.8793, -93.5254, 17.2570, 114.8646, 1.8781, 0.0000, 1.5626, 2.4431, 07:46:00
5087, 2024-08-03 08:21:43, 57.7895, -92.9559, 17.2561, 114.8646, 1.8761, 0.0000, 1.6227, 2.4805, 07:51:00
5087, 2024-08-03 08:26:43, 56.6990, -92.3810, 17.2552, 114.8646, 1.8729, 0.0000, 1.6829, 2.5179, 07:56:00
5087, 2024-08-03 08:30:43, 55.8262, -91.9168, 17.2545, 114.8646, 1.8695, 0.0000, 1.7309, 2.5477, 08:00:00
5087, 2024-08-03 08:35:43, 54.7349, -91.3306, 17.2535, 114.8646, 1.8641, 0.0000, 1.7908, 2.5849, 08:05:00
5087, 2024-08-03 08:40:43, 53.6432, -90.7372, 17.2526, 114.8646, 1.8574, 0.0000, 1.8504, 2.6218, 08:10:00
5087, 2024-08-03 08:45:43, 52.5514, -90.1358, 17.2517, 114.8646, 1.8494, 0.0000, 1.9096, 2.6583, 08:15:00
5087, 2024-08-03 08:50:43, 51.4595, -89.5256, 17.2508, 114.8646, 1.8399, 0.0000, 1.9683, 2.6944, 08:20:00
5087, 2024-08-03 08:55:43, 50.3677, -88.9057, 17.2498, 114.8646, 1.8291, 0.0000, 2.0265, 2.7299, 08:25:00
5087, 2024-08-03 09:00:43, 49.2760, -88.2753, 17.2489, 114.8646, 1.8167, 0.0000, 2.0839, 2.7646, 08:30:00
5087, 2024-08-03 09:05:43, 48.1847, -87.6334, 17.2480, 114.8646, 1.8029, 0.0000, 2.1405, 2.7986, 08:35:00
5087, 2024-08-03 09:10:43, 47.0939, -86.9788, 17.2471, 114.8646, 1.7875, 0.0000, 2.1961, 2.8316, 08:40:00
5087, 2024-08-03 09:15:43, 46.0037, -86.3105, 17.2462, 114.8646, 1.7705, 0.0000, 2.2507, 2.8636, 08:45:00
5087, 2024-08-03 09:20:43, 44.9143, -85.6271, 17.2452, 114.8646, 1.7520, 0.0000, 2.3040, 2.8944, 08:50:00
5087, 2024-08-03 09:25:43, 43.8259, -84.9273, 17.2443, 114.8646, 1.7318, 0.0000, 2.3559, 2.9239, 08:55:00
5087, 2024-08-03 09:30:43, 42.7387, -84.2097, 17.2434, 114.8646, 1.7100, 0.0000, 2.4063, 2.9520, 09:00:00
5087, 2024-08-03 09:35:43, 41.6528, -83.4725, 17.2425, 114.8646, 1.6865, 0.0000, 2.4550, 2.9785, 09:05:00
5087, 2024-08-03 09:40:43, 40.5686, -82.7141, 17.2415, 114.8646, 1.6615, 0.0000, 2.5020, 3.0034, 09:10:00
5087, 2024-08-03 09:45:43, 39.4862, -81.9324, 17.2406, 114.8646, 1.6349, 0.0000, 2.5470, 3.0265, 09:15:00
5087, 2024-08-03 09:50:43, 38.4060, -81.1253, 17.2397, 114.8646, 1.6067, 0.0000, 2.5900, 3.0479, 09:20:00
5087, 2024-08-03 09:55:43, 37.3281, -80.2905, 17.2388, 114.8646, 1.5770, 0.0000, 2.6308, 3.0673, 09:25:00
5087, 2024-08-03 10:00:43, 36.2530, -79.4252, 17.2378, 114.8646, 1.5458, 0.0000, 2.6694, 3.0847, 09:30:00
5087, 2024-08-03 10:05:43, 35.1809, -78.5266, 17.2369, 114.8646, 1.5132, 0.0000, 2.7057, 3.1001, 09:35:00
5087, 2024-08-03 10:10:43, 34.1123, -77.5914, 17.2360, 114.8646, 1.4792, 0.0000, 2.7395, 3.1133, 09:40:00
5087, 2024-08-03 10:15:43, 33.0476, -76.6159, 17.2351, 114.8646, 1.4440, 0.0000, 2.7708, 3.1245, 09:45:00
5087, 2024-08-03 10:20:43, 31.9874, -75.5962, 17.2341, 114.8646, 1.4076, 0.0000, 2.7996, 3.1335, 09:50:00
5087, 2024-08-03 10:25:43, 30.9321, -74.5276, 17.2332, 114.8646, 1.3700, 0.0000, 2.8258, 3.1404, 09:55:00
5087, 2024-08-03 10:30:43, 29.8823, -73.4052, 17.2323, 114.8646, 1.3315, 0.0000, 2.8493, 3.1451, 10:00:00
5087, 2024-08-03 10:35:43, 28.8388, -72.2230, 17.2314, 114.8646, 1.2920, 0.0000, 2.8703, 3.1477, 10:05:00
5087, 2024-08-03 10:40:43, 27.8025, -70.9746, 17.2304, 114.8646, 1.2517, 0.0000, 2.8886, 3.1482, 10:10:00
5087, 2024-08-03 10:45:43, 26.7741, -69.6527, 17.2295, 114.8646, 1.2107, 0.0000, 2.9044, 3.1466, 10:15:00
5087, 2024-08-03 10:50:43, 25.7547, -68.2489, 17.2286, 114.8646, 1.1690, 0.0000, 2.9176, 3.1431, 10:20:00
5087, 2024-08-03 10:55:43, 24.7457, -66.7539, 17.2277, 114.8646, 1.1269, 0.0000, 2.9284, 3.1377, 10:25:00
5087, 2024-08-03 11:00:43, 23.7482, -65.1568, 17.2267, 114.8646, 1.0843, 0.0000, 2.9366, 3.1304, 10:30:00
5087, 2024-08-03 11:05:43, 22.7641, -63.4456, 17.2258, 114.8646, 1.0415, 0.0000, 2.9425, 3.1214, 10:35:00
5087, 2024-08-03 11:10:43, 21.7950, -61.6065, 17.2249, 114.8646, 0.9984, 0.0000, 2.9461, 3.1107, 10:40:00
5087, 2024-08-03 11:15:43, 20.8434, -59.6240, 17.2240, 114.8646, 0.9552, 0.0000, 2.9475, 3.0985, 10:45:00
5087, 2024-08-03 11:20:43, 19.9116, -57.4804, 17.2231, 114.8646, 0.9120, 0.0000, 2.9468, 3.0847, 10:50:00
5087, 2024-08-03 11:25:43, 19.0028, -55.1561, 17.2221, 114.8646, 0.8689, 0.0000, 2.9441, 3.0697, 10:55:00
5087, 2024-08-03 11:30:43, 18.1205, -52.6295, 17.2212, 114.8646, 0.8259, 0.0000, 2.9395, 3.0533, 11:00:00
5087, 2024-08-03 11:35:43, 17.2687, -49.8768, 17.2203, 114.8646, 0.7831, 0.0000, 2.9331, 3.0358, 11:05:00
5087, 2024-08-03 11:40:43, 16.4523, -46.8727, 17.2194, 114.8646, 0.7406, 0.0000, 2.9249, 3.0172, 11:10:00
5087, 2024-08-03 11:45:43, 15.6770, -43.5912, 17.2184, 114.8646, 0.6985, 0.0000, 2.9152, 2.9977, 11:15:00
5087, 2024-08-03 11:50:43, 14.9491, -40.0068, 17.2175, 114.8646, 0.6568, 0.0000, 2.9040, 2.9773, 11:20:00
5087, 2024-08-03 11:55:43, 14.2760, -36.0971, 17.2166, 114.8646, 0.6155, 0.0000, 2.8914, 2.9562, 11:25:00
5087, 2024-08-03 12:00:43, 13.6659, -31.8451, 17.2157, 114.8646, 0.5747, 0.0000, 2.8775, 2.9344, 11:30:00
5087, 2024-08-03 12:05:43, 13.1275, -27.2442, 17.2147, 114.8646, 0.5344, 0.0000, 2.8625, 2.9120, 11:35:00
5087, 2024-08-03 12:10:43, 12.6702, -22.3023, 17.2138, 114.8646, 0.4948, 0.0000, 2.8464, 2.8890, 11:40:00
5087, 2024-08-03 12:15:43, 12.3028, -17.0463, 17.2129, 114.8646, 0.4557, 0.0000, 2.8293, 2.8657, 11:45:00
5087, 2024-08-03 12:20:43, 12.0338, -11.5260, 17.2119, 114.8646, 0.4172, 0.0000, 2.8112, 2.8420, 11:50:00
5087, 2024-08-03 12:25:43, 11.8698, -5.8135, 17.2110, 114.8646, 0.3794, 0.0000, 2.7924, 2.8181, 11:55:00
5087, 2024-08-03 12:30:43, 11.8153, 0.0001, 17.2101, 114.8646, 0.3423, 0.0000, 2.7729, 2.7939, 12:00:00
5087, 2024-08-03 12:35:43, 11.8717, 5.8128, 17.2092, 114.8646, 0.3058, 0.0000, 2.7526, 2.7696, 12:05:00
5087, 2024-08-03 12:40:43, 12.0375, 11.5229, 17.2082, 114.8646, 0.2700, 0.0000, 2.7318, 2.7452, 12:10:00
5087, 2024-08-03 12:45:43, 12.3082, 17.0395, 17.2073, 114.8646, 0.2349, 0.0000, 2.7105, 2.7207, 12:15:00
5087, 2024-08-03 12:50:43, 12.6771, 22.2907, 17.2064, 114.8646, 0.2005, 0.0000, 2.6887, 2.6962, 12:20:00
5087, 2024-08-03 12:55:43, 13.1360, 27.2273, 17.2055, 114.8646, 0.1668, 0.0000, 2.6666, 2.6718, 12:25:00
5087, 2024-08-03 13:00:43, 13.6756, 31.8225, 17.2045, 114.8646, 0.1338, 0.0000, 2.6440, 2.6474, 12:30:00
5087, 2024-08-03 13:05:43, 14.2870, 36.0688, 17.2036, 114.8646, 0.1014, 0.0000, 2.6212, 2.6232, 12:35:00
5087, 2024-08-03 13:10:43, 14.9611, 39.9732, 17.2027, 114.8646, 0.0697, 0.0000, 2.5981, 2.5991, 12:40:00
5087, 2024-08-03 13:15:43, 15.6899, 43.5524, 17.2018, 114.8646, 0.0387, 0.0000, 2.5749, 2.5752, 12:45:00
5087, 2024-08-03 13:20:43, 16.4661, 46.8291, 17.2008, 114.8646, 0.0084, 0.0000, 2.5514, 2.5514, 12:50:00
5087, 2024-08-03 13:25:43, 17.2832, 49.8289, 17.1999, 114.8646, -0.0213, 0.0000, 2.5278, 2.5279, 12:55:00
5087, 2024-08-03 13:30:43, 18.1357, 52.5777, 17.1990, 114.8646, -0.0504, 0.0000, 2.5042, 2.5047, 13:00:00
5087, 2024-08-03 13:35:43, 19.0187, 55.1007, 17.1981, 114.8646, -0.0788, 0.0000, 2.4804, 2.4817, 13:05:00
5087, 2024-08-03 13:40:43, 19.9281, 57.4218, 17.1971, 114.8646, -0.1066, 0.0000, 2.4566, 2.4589, 13:10:00
5087, 2024-08-03 13:45:43, 20.8604, 59.5625, 17.1962, 114.8646, -0.1339, 0.0000, 2.4328, 2.4365, 13:15:00
5087, 2024-08-03 13:50:43, 21.8126, 61.5424, 17.1953, 114.8646, -0.1605, 0.0000, 2.4090, 2.4143, 13:20:00
5087, 2024-08-03 13:55:43, 22.7822, 63.3792, 17.1944, 114.8646, -0.1866, 0.0000, 2.3852, 2.3925, 13:25:00
5087, 2024-08-03 14:00:43, 23.7668, 65.0882, 17.1934, 114.8646, -0.2121, 0.0000, 2.3614, 2.3709, 13:30:00
5087, 2024-08-03 14:05:43, 24.7647, 66.6833, 17.1925, 114.8646, -0.2370, 0.0000, 2.3377, 2.3497, 13:35:00
5087, 2024-08-03 14:10:43, 25.7743, 68.1766, 17.1916, 114.8646, -0.2614, 0.0000, 2.3141, 2.3288, 13:40:00
5087, 2024-08-03 14:15:43, 26.7941, 69.5787, 17.1907, 114.8646, -0.2853, 0.0000, 2.2906, 2.3083, 13:45:00
5087, 2024-08-03 14:20:43, 27.8229, 70.8991, 17.1897, 114.8646, -0.3087, 0.0000, 2.2671, 2.2880, 13:50:00
5087, 2024-08-03 14:25:43, 28.8598, 72.1461, 17.1888, 114.8646, -0.3316, 0.0000, 2.2438, 2.2681, 13:55:00
5087, 2024-08-03 14:30:43, 29.9037, 73.3270, 17.1879, 114.8646, -0.3541, 0.0000, 2.2205, 2.2486, 14:00:00
5087, 2024-08-03 14:35:43, 30.9539, 74.4483, 17.1869, 114.8646, -0.3761, 0.0000, 2.1974, 2.2293, 14:05:00
5087, 2024-08-03 14:40:43, 32.0097, 75.5157, 17.1860, 114.8646, -0.3976, 0.0000, 2.1744, 2.2104, 14:10:00
5087, 2024-08-03 14:45:43, 33.0704, 76.5344, 17.1851, 114.8646, -0.4187, 0.0000, 2.1515, 2.1919, 14:15:00
5087, 2024-08-03 14:50:43, 34.1356, 77.5088, 17.1842, 114.8646, -0.4393, 0.0000, 2.1288, 2.1736, 14:20:00
5087, 2024-08-03 14:55:43, 35.2047, 78.4431, 17.1832, 114.8646, -0.4596, 0.0000, 2.1062, 2.1557, 14:25:00
5087, 2024-08-03 15:00:43, 36.2772, 79.3408, 17.1823, 114.8646, -0.4794, 0.0000, 2.0837, 2.1382, 14:30:00
5087, 2024-08-03 15:05:43, 37.3529, 80.2052, 17.1814, 114.8646, -0.4989, 0.0000, 2.0614, 2.1209, 14:35:00
5087, 2024-08-03 15:10:43, 38.4313, 81.0392, 17.1805, 114.8646, -0.5180, 0.0000, 2.0392, 2.1040, 14:40:00
5087, 2024-08-03 15:15:43, 39.5121, 81.8455, 17.1795, 114.8646, -0.5367, 0.0000, 2.0172, 2.0874, 14:45:00
5087, 2024-08-03 15:20:43, 40.5950, 82.6263, 17.1786, 114.8646, -0.5551, 0.0000, 1.9953, 2.0711, 14:50:00
5087, 2024-08-03 15:25:43, 41.6798, 83.3840, 17.1777, 114.8646, -0.5732, 0.0000, 1.9735, 2.0551, 14:55:00
5087, 2024-08-03 15:30:43, 42.7663, 84.1204, 17.1767, 114.8646, -0.5909, 0.0000, 1.9519, 2.0394, 15:00:00
5087, 2024-08-03 15:35:43, 43.8541, 84.8373, 17.1758, 114.8646, -0.6083, 0.0000, 1.9304, 2.0240, 15:05:00
5087, 2024-08-03 15:40:43, 44.9431, 85.5363, 17.1749, 114.8646, -0.6254, 0.0000, 1.9091, 2.0089, 15:10:00
5087, 2024-08-03 15:45:43, 46.0331, 86.2189, 17.1740, 114.8646, -0.6422, 0.0000, 1.8879, 1.9941, 15:15:00
5087, 2024-08-03 15:50:43, 47.1239, 86.8865, 17.1730, 114.8646, -0.6587, 0.0000, 1.8669, 1.9797, 15:20:00
5087, 2024-08-03 15:55:43, 48.2154, 87.5404, 17.1721, 114.8646, -0.6749, 0.0000, 1.8460, 1.9655, 15:25:00
5087, 2024-08-03 16:00:43, 49.3074, 88.1816, 17.1712, 114.8646, -0.6908, 0.0000, 1.8252, 1.9515, 15:30:00
5087, 2024-08-03 16:05:43, 50.3998, 88.8113, 17.1703, 114.8646, -0.7065, 0.0000, 1.8045, 1.9379, 15:35:00
5087, 2024-08-03 16:10:43, 51.4923, 89.4304, 17.1693, 114.8646, -0.7219, 0.0000, 1.7840, 1.9245, 15:40:00
5087, 2024-08-03 16:15:43, 52.5850, 90.0398, 17.1684, 114.8646, -0.7371, 0.0000, 1.7636, 1.9114, 15:45:00
5087, 2024-08-03 16:20:43, 53.6776, 90.6405, 17.1675, 114.8646, -0.7521, 0.0000, 1.7433, 1.8986, 15:50:00
5087, 2024-08-03 16:25:43, 54.7700, 91.2332, 17.1665, 114.8646, -0.7668, 0.0000, 1.7231, 1.8860, 15:55:00
5087, 2024-08-03 16:30:43, 55.8621, 91.8187, 17.1656, 114.8646, -0.7813, 0.0000, 1.7031, 1.8737, 16:00:00
5087, 2024-08-03 16:35:43, 56.9539, 92.3976, 17.1647, 114.8646, -0.7955, 0.0000, 1.6832, 1.8617, 16:05:00
5087, 2024-08-03 16:40:43, 58.0451, 92.9706, 17.1638, 114.8646, -0.8096, 0.0000, 1.6633, 1.8499, 16:10:00
5087, 2024-08-03 16:45:43, 59.1357, 93.5383, 17.1628, 114.8646, -0.8235, 0.0000, 1.6436, 1.8384, 16:15:00
5087, 2024-08-03 16:50:43, 60.2255, 94.1014, 17.1619, 114.8646, -0.8371, 0.0000, 1.6240, 1.8271, 16:20:00
5087, 2024-08-03 16:55:43, 61.3145, 94.6604, 17.1610, 114.8646, -0.8506, 0.0000, 1.6045, 1.8160, 16:25:00
5087, 2024-08-03 17:00:43, 62.4026, 95.2158, 17.1600, 114.8646, -0.8639, 0.0000, 1.5850, 1.8052, 16:30:00
5087, 2024-08-03 17:05:43, 63.4896, 95.7681, 17.1591, 114.8646, -0.8770, 0.0000, 1.5657, 1.7946, 16:35:00
5087, 2024-08-03 17:10:43, 64.5755, 96.3178, 17.1582, 114.8646, -0.8900, 0.0000, 1.5464, 1.7843, 16:40:00
5087, 2024-08-03 17:15:43, 65.6600, 96.8653, 17.1573, 114.8646, -0.9028, 0.0000, 1.5273, 1.7741, 16:45:00
5087, 2024-08-03 17:20:43, 66.7432, 97.4112, 17.1563, 114.8646, -0.9154, 0.0000, 1.5082, 1.7642, 16:50:00
5087, 2024-08-03 17:25:43, 67.8249, 97.9558, 17.1554, 114.8646, -0.9279, 0.0000, 1.4892, 1.7546, 16:55:00
5087, 2024-08-21 07:56:31, 64.9313, -89.9480, 11.8083, 114.8646, 1.8784, 0.0000, 1.5515, 2.4363, 07:29:00
5087, 2024-08-21 08:01:31, 63.8402, -89.3369, 11.8072, 114.8646, 1.8769, 0.0000, 1.6024, 2.4679, 07:34:00
5087, 2024-08-21 08:06:31, 62.7492, -88.7197, 11.8060, 114.8646, 1.8746, 0.0000, 1.6534, 2.4996, 07:39:00
5087, 2024-08-21 08:11:31, 61.6583, -88.0959, 11.8048, 114.8646, 1.8714, 0.0000, 1.7044, 2.5313, 07:44:00
5087, 2024-08-21 08:16:31, 60.5677, -87.4647, 11.8037, 114.8646, 1.8674, 0.0000, 1.7554, 2.5630, 07:49:00
5087, 2024-08-21 08:21:31, 59.4776, -86.8254, 11.8025, 114.8646, 1.8625, 0.0000, 1.8064, 2.5946, 07:54:00
5087, 2024-08-21 08:26:31, 58.3881, -86.1774, 11.8013, 114.8646, 1.8565, 0.0000, 1.8572, 2.6260, 07:59:00
5087, 2024-08-21 08:27:31, 58.1703, -86.0467, 11.8011, 114.8646, 1.8552, 0.0000, 1.8674, 2.6323, 08:00:00
5087, 2024-08-21 08:32:31, 57.0817, -85.3870, 11.7999, 114.8646, 1.8481, 0.0000, 1.9180, 2.6635, 08:05:00
5087, 2024-08-21 08:37:31, 55.9941, -84.7168, 11.7988, 114.8646, 1.8399, 0.0000, 1.9683, 2.6944, 08:10:00
5087, 2024-08-21 08:42:31, 54.9076, -84.0352, 11.7976, 114.8646, 1.8307, 0.0000, 2.0183, 2.7249, 08:15:00
5087, 2024-08-21 08:47:31, 53.8225, -83.3412, 11.7965, 114.8646, 1.8204, 0.0000, 2.0679, 2.7550, 08:20:00
5087, 2024-08-21 08:52:31, 52.7388, -82.6337, 11.7953, 114.8646, 1.8089, 0.0000, 2.1170, 2.7845, 08:25:00
5087, 2024-08-21 08:57:31, 51.6569, -81.9118, 11.7941, 114.8646, 1.7962, 0.0000, 2.1655, 2.8135, 08:30:00
5087, 2024-08-21 09:02:31, 50.5769, -81.1742, 11.7930, 114.8646, 1.7824, 0.0000, 2.2133, 2.8417, 08:35:00
5087, 2024-08-21 09:07:31, 49.4990, -80.4198, 11.7918, 114.8646, 1.7673, 0.0000, 2.2603, 2.8692, 08:40:00
5087, 2024-08-21 09:12:31, 48.4236, -79.6472, 11.7906, 114.8646, 1.7510, 0.0000, 2.3065, 2.8959, 08:45:00
5087, 2024-08-21 09:17:31, 47.3508, -78.8549, 11.7895, 114.8646, 1.7335, 0.0000, 2.3517, 2.9216, 08:50:00
5087, 2024-08-21 09:22:31, 46.2809, -78.0415, 11.7883, 114.8646, 1.7146, 0.0000, 2.3959, 2.9462, 08:55:00
5087, 2024-08-21 09:27:31, 45.2143, -77.2052, 11.7871, 114.8646, 1.6945, 0.0000, 2.4389, 2.9698, 09:00:00
5087, 2024-08-21 09:32:31, 44.1512, -76.3443, 11.7860, 114.8646, 1.6732, 0.0000, 2.4806, 2.9922, 09:05:00
5087, 2024-08-21 09:37:31, 43.0921, -75.4569, 11.7848, 114.8646, 1.6505, 0.0000, 2.5210, 3.0133, 09:10:00
5087, 2024-08-21 09:42:31, 42.0373, -74.5407, 11.7836, 114.8646, 1.6267, 0.0000, 2.5600, 3.0331, 09:15:00
5087, 2024-08-21 09:47:31, 40.9872, -73.5937, 11.7825, 114.8646, 1.6015, 0.0000, 2.5974, 3.0514, 09:20:00
5087, 2024-08-21 09:52:31, 39.9422, -72.6131, 11.7813, 114.8646, 1.5752, 0.0000, 2.6332, 3.0684, 09:25:00
5087, 2024-08-21 09:57:31, 38.9030, -71.5964, 11.7801, 114.8646, 1.5476, 0.0000, 2.6673, 3.0837, 09:30:00
5087, 2024-08-21 10:02:31, 37.8700, -70.5406, 11.7790, 114.8646, 1.5189, 0.0000, 2.6996, 3.0975, 09:35:00
5087, 2024-08-21 10:07:31, 36.8439, -69.4426, 11.7778, 114.8646, 1.4891, 0.0000, 2.7300, 3.1097, 09:40:00
5087, 2024-08-21 10:12:31, 35.8252, -68.2986, 11.7766, 114.8646, 1.4582, 0.0000, 2.7586, 3.1203, 09:45:00
5087, 2024-08-21 10:17:31, 34.8148, -67.1051, 11.7755, 114.8646, 1.4263, 0.0000, 2.7852, 3.1292, 09:50:00
5087, 2024-08-21 10:22:31, 33.8135, -65.8578, 11.7743, 114.8646, 1.3934, 0.0000, 2.8098, 3.1364, 09:55:00
5087, 2024-08-21 10:27:31, 32.8221, -64.5522, 11.7731, 114.8646, 1.3596, 0.0000, 2.8324, 3.1419, 10:00:00
5087, 2024-08-21 10:32:31, 31.8417, -63.1833, 11.7720, 114.8646, 1.3250, 0.0000, 2.8530, 3.1456, 10:05:00
5087, 2024-08-21 10:37:31, 30.8734, -61.7458, 11.7708, 114.8646, 1.2896, 0.0000, 2.8715, 3.1478, 10:10:00
5087, 2024-08-21 10:42:31, 29.9184, -60.2338, 11.7696, 114.8646, 1.2535, 0.0000, 2.8879, 3.1482, 10:15:00
5087, 2024-08-21 10:47:31, 28.9781, -58.6410, 11.7685, 114.8646, 1.2168, 0.0000, 2.9022, 3.1470, 10:20:00
5087, 2024-08-21 10:52:31, 28.0541, -56.9607, 11.7673, 114.8646, 1.1795, 0.0000, 2.9146, 3.1442, 10:25:00
5087, 2024-08-21 10:57:31, 27.1480, -55.1854, 11.7661, 114.8646, 1.1417, 0.0000, 2.9249, 3.1398, 10:30:00
5087, 2024-08-21 11:02:31, 26.2619, -53.3075, 11.7650, 114.8646, 1.1035, 0.0000, 2.9332, 3.1339, 10:35:00
5087, 2024-08-21 11:07:31, 25.3978, -51.3186, 11.7638, 114.8646, 1.0650, 0.0000, 2.9396, 3.1266, 10:40:00
5087, 2024-08-21 11:12:31, 24.5582, -49.2103, 11.7626, 114.8646, 1.0262, 0.0000, 2.9441, 3.1178, 10:45:00
5087, 2024-08-21 11:17:31, 23.7457, -46.9737, 11.7615, 114.8646, 0.9872, 0.0000, 2.9467, 3.1077, 10:50:00
5087, 2024-08-21 11:22:31, 22.9632, -44.6001, 11.7603, 114.8646, 0.9481, 0.0000, 2.9476, 3.0963, 10:55:00
5087, 2024-08-21 11:27:31, 22.2139, -42.0809, 11.7591, 114.8646, 0.9090, 0.0000, 2.9467, 3.0837, 11:00:00
5087, 2024-08-21 11:32:31, 21.5014, -39.4082, 11.7580, 114.8646, 0.8698, 0.0000, 2.9442, 3.0700, 11:05:00
5087, 2024-08-21 11:37:31, 20.8296, -36.5750, 11.7568, 114.8646, 0.8307, 0.0000, 2.9401, 3.0552, 11:10:00
5087, 2024-08-21 11:42:31, 20.2024, -33.5762, 11.7556, 114.8646, 0.7918, 0.0000, 2.9345, 3.0394, 11:15:00
5087, 2024-08-21 11:47:31, 19.6242, -30.4090, 11.7545, 114.8646, 0.7530, 0.0000, 2.9275, 3.0228, 11:20:00
5087, 2024-08-21 11:52:31, 19.0996, -27.0736, 11.7533, 114.8646, 0.7145, 0.0000, 2.9191, 3.0052, 11:25:00
5087, 2024-08-21 11:57:31, 18.6331, -23.5744, 11.7521, 114.8646, 0.6762, 0.0000, 2.9094, 2.9870, 11:30:00
5087, 2024-08-21 12:02:31, 18.2291, -19.9200, 11.7510, 114.8646, 0.6383, 0.0000, 2.8985, 2.9680, 11:35:00
5087, 2024-08-21 12:07:31, 17.8920, -16.1248, 11.7498, 114.8646, 0.6007, 0.0000, 2.8865, 2.9484, 11:40:00
5087, 2024-08-21 12:12:31, 17.6255, -12.2081, 11.7486, 114.8646, 0.5635, 0.0000, 2.8735, 2.9282, 11:45:00
5087, 2024-08-21 12:17:31, 17.4330, -8.1949, 11.7475, 114.8646, 0.5268, 0.0000, 2.8595, 2.9076, 11:50:00
5087, 2024-08-21 12:22:31, 17.3169, -4.1146, 11.7463, 114.8646, 0.4905, 0.0000, 2.8445, 2.8865, 11:55:00
5087, 2024-08-21 12:27:31, 17.2789, -0.0001, 11.7451, 114.8646, 0.4546, 0.0000, 2.8288, 2.8651, 12:00:00
5087, 2024-08-21 12:32:31, 17.3193, 4.1139, 11.7440, 114.8646, 0.4193, 0.0000, 2.8122, 2.8433, 12:05:00
5087, 2024-08-21 12:37:31, 17.4376, 8.1927, 11.7428, 114.8646, 0.3845, 0.0000, 2.7950, 2.8213, 12:10:00
5087, 2024-08-21 12:42:31, 17.6324, 12.2035, 11.7416, 114.8646, 0.3502, 0.0000, 2.7771, 2.7991, 12:15:00
5087, 2024-08-21 12:47:31, 17.9010, 16.1171, 11.7405, 114.8646, 0.3164, 0.0000, 2.7586, 2.7767, 12:20:00
5087, 2024-08-21 12:52:31, 18.2402, 19.9085, 11.7393, 114.8646, 0.2832, 0.0000, 2.7396, 2.7542, 12:25:00
5087, 2024-08-21 12:57:31, 18.6461, 23.5586, 11.7381, 114.8646, 0.2505, 0.0000, 2.7201, 2.7316, 12:30:00
5087, 2024-08-21 13:02:31, 19.1145, 27.0532, 11.7370, 114.8646, 0.2184, 0.0000, 2.7002, 2.7090, 12:35:00
5087, 2024-08-21 13:07:31, 19.6409, 30.3838, 11.7358, 114.8646, 0.1869, 0.0000, 2.6799, 2.6864, 12:40:00
5087, 2024-08-21 13:12:31, 20.2206, 33.5461, 11.7346, 114.8646, 0.1559, 0.0000, 2.6592, 2.6638, 12:45:00
5087, 2024-08-21 13:17:31, 20.8493, 36.5400, 11.7335, 114.8646, 0.1255, 0.0000, 2.6383, 2.6413, 12:50:00
5087, 2024-08-21 13:22:31, 21.5225, 39.3684, 11.7323, 114.8646, 0.0957, 0.0000, 2.6171, 2.6188, 12:55:00
5087, 2024-08-21 13:27:31, 22.2363, 42.0365, 11.7311, 114.8646, 0.0664, 0.0000, 2.5957, 2.5965, 13:00:00
5087, 2024-08-21 13:32:31, 22.9867, 44.5513, 11.7300, 114.8646, 0.0377, 0.0000, 2.5740, 2.5743, 13:05:00
5087, 2024-08-21 13:37:31, 23.7704, 46.9207, 11.7288, 114.8646, 0.0095, 0.0000, 2.5523, 2.5523, 13:10:00
5087, 2024-08-21 13:42:31, 24.5840, 49.1533, 11.7276, 114.8646, -0.0182, 0.0000, 2.5304, 2.5304, 13:15:00
5087, 2024-08-21 13:47:31, 25.4246, 51.2579, 11.7265, 114.8646, -0.0453, 0.0000, 2.5084, 2.5088, 13:20:00
5087, 2024-08-21 13:52:31, 26.2896, 53.2432, 11.7253, 114.8646, -0.0719, 0.0000, 2.4863, 2.4873, 13:25:00
5087, 2024-08-21 13:57:31, 27.1766, 55.1179, 11.7241, 114.8646, -0.0979, 0.0000, 2.4641, 2.4661, 13:30:00
5087, 2024-08-21 14:02:31, 28.0834, 56.8901, 11.7230, 114.8646, -0.1235, 0.0000, 2.4419, 2.4451, 13:35:00
5087, 2024-08-21 14:07:31, 29.0083, 58.5676, 11.7218, 114.8646, -0.1485, 0.0000, 2.4197, 2.4243, 13:40:00
5087, 2024-08-21 14:12:31, 29.9493, 60.1577, 11.7206, 114.8646, -0.1731, 0.0000, 2.3975, 2.4038, 13:45:00
5087, 2024-08-21 14:17:31, 30.9051, 61.6671, 11.7195, 114.8646, -0.1972, 0.0000, 2.3753, 2.3835, 13:50:00
5087, 2024-08-21 14:22:31, 31.8741, 63.1023, 11.7183, 114.8646, -0.2208, 0.0000, 2.3532, 2.3635, 13:55:00
5087, 2024-08-21 14:27:31, 32.8552, 64.4689, 11.7171, 114.8646, -0.2440, 0.0000, 2.3310, 2.3438, 14:00:00
5087, 2024-08-21 14:32:31, 33.8473, 65.7724, 11.7160, 114.8646, -0.2667, 0.0000, 2.3090, 2.3243, 14:05:00
5087, 2024-08-21 14:37:31, 34.8493, 67.0177, 11.7148, 114.8646, -0.2890, 0.0000, 2.2869, 2.3051, 14:10:00
5087, 2024-08-21 14:42:31, 35.8604, 68.2094, 11.7136, 114.8646, -0.3108, 0.0000, 2.2650, 2.2862, 14:15:00
5087, 2024-08-21 14:47:31, 36.8797, 69.3515, 11.7125, 114.8646, -0.3323, 0.0000, 2.2431, 2.2676, 14:20:00
5087, 2024-08-21 14:52:31, 37.9065, 70.4479, 11.7113, 114.8646, -0.3533, 0.0000, 2.2214, 2.2493, 14:25:00
5087, 2024-08-21 14:57:31, 38.9402, 71.5020, 11.7101, 114.8646, -0.3739, 0.0000, 2.1997, 2.2312, 14:30:00
5087, 2024-08-21 15:02:31, 39.9801, 72.5171, 11.7090, 114.8646, -0.3942, 0.0000, 2.1781, 2.2135, 14:35:00
5087, 2024-08-21 15:07:31, 41.0257, 73.4962, 11.7078, 114.8646, -0.4140, 0.0000, 2.1566, 2.1960, 14:40:00
5087, 2024-08-21 15:12:31, 42.0764, 74.4418, 11.7066, 114.8646, -0.4335, 0.0000, 2.1352, 2.1788, 14:45:00
5087, 2024-08-21 15:17:31, 43.1319, 75.3565, 11.7055, 114.8646, -0.4527, 0.0000, 2.1139, 2.1619, 14:50:00
5087, 2024-08-21 15:22:31, 44.1918, 76.2426, 11.7043, 114.8646, -0.4715, 0.0000, 2.0928, 2.1452, 14:55:00
5087, 2024-08-21 15:27:31, 45.2555, 77.1022, 11.7031, 114.8646, -0.4899, 0.0000, 2.0717, 2.1289, 15:00:00
5087, 2024-08-21 15:32:31, 46.3229, 77.9371, 11.7020, 114.8646, -0.5081, 0.0000, 2.0508, 2.1128, 15:05:00
5087, 2024-08-21 15:37:31, 47.3935, 78.7493, 11.7008, 114.8646, -0.5259, 0.0000, 2.0300, 2.0970, 15:10:00
5087, 2024-08-21 15:42:31, 48.4670, 79.5403, 11.6996, 114.8646, -0.5434, 0.0000, 2.0093, 2.0815, 15:15:00
5087, 2024-08-21 15:47:31, 49.5432, 80.3118, 11.6984, 114.8646, -0.5606, 0.0000, 1.9887, 2.0662, 15:20:00
5087, 2024-08-21 15:52:31, 50.6219, 81.0650, 11.6973, 114.8646, -0.5775, 0.0000, 1.9682, 2.0512, 15:25:00
5087, 2024-08-21 15:57:31, 51.7026, 81.8014, 11.6961, 114.8646, -0.5942, 0.0000, 1.9479, 2.0365, 15:30:00
5087, 2024-08-21 16:02:31, 52.7854, 82.5221, 11.6949, 114.8646, -0.6105, 0.0000, 1.9277, 2.0220, 15:35:00
5087, 2024-08-21 16:07:31, 53.8698, 83.2284, 11.6938, 114.8646, -0.6266, 0.0000, 1.9076, 2.0078, 15:40:00
5087, 2024-08-21 16:12:31, 54.9558, 83.9213, 11.6926, 114.8646, -0.6424, 0.0000, 1.8876, 1.9939, 15:45:00
5087, 2024-08-21 16:17:31, 56.0432, 84.6018, 11.6914, 114.8646, -0.6580, 0.0000, 1.8677, 1.9802, 15:50:00
5087, 2024-08-21 16:22:31, 57.1316, 85.2708, 11.6903, 114.8646, -0.6733, 0.0000, 1.8479, 1.9668, 15:55:00
5087, 2024-08-21 16:27:31, 58.2211, 85.9293, 11.6891, 114.8646, -0.6884, 0.0000, 1.8283, 1.9536, 16:00:00
5087, 2024-08-21 16:32:31, 59.3114, 86.5780, 11.6879, 114.8646, -0.7033, 0.0000, 1.8087, 1.9407, 16:05:00
5087, 2024-08-21 16:37:31, 60.4023, 87.2178, 11.6868, 114.8646, -0.7180, 0.0000, 1.7893, 1.9280, 16:10:00
5087, 2024-08-21 16:42:31, 61.4938, 87.8494, 11.6856, 114.8646, -0.7324, 0.0000, 1.7700, 1.9155, 16:15:00
5087, 2024-08-21 16:47:31, 62.5856, 88.4735, 11.6844, 114.8646, -0.7466, 0.0000, 1.7507, 1.9033, 16:20:00
5087, 2024-08-21 16:52:31, 63.6776, 89.0907, 11.6833, 114.8646, -0.7606, 0.0000, 1.7316, 1.8913, 16:25:00
5087, 2024-08-21 16:57:31, 64.7697, 89.7018, 11.6821, 114.8646, -0.7744, 0.0000, 1.7126, 1.8795, 16:30:00
5087, 2024-08-21 17:02:31, 65.8618, 90.3073, 11.6809, 114.8646, -0.7881, 0.0000, 1.6936, 1.8680, 16:35:00
5087, 2024-08-21 17:07:31, 66.9536, 90.9078, 11.6797, 114.8646, -0.8015, 0.0000, 1.6748, 1.8567, 16:40:00
5087, 2024-08-21 17:12:31, 68.0451, 91.5038, 11.6786, 114.8646, -0.8147, 0.0000, 1.6560, 1.8456, 16:45:00
5087, 2024-08-21 17:17:31, 69.1361, 92.0959, 11.6774, 114.8646, -0.8278, 0.0000, 1.6374, 1.8347, 16:50:00
5087, 2024-08-21 17:22:31, 70.2264, 92.6847, 11.6762, 114.8646, -0.8407, 0.0000, 1.6188, 1.8241, 16:55:00
5087, 2024-09-06 08:04:39, 64.7778, -82.7168, 6.0980, 114.8646, 1.8590, 0.0000, 1.8367, 2.6133, 07:42:00
5087, 2024-09-06 08:09:39, 63.6964, -82.0389, 6.0967, 114.8646, 1.8536, 0.0000, 1.8799, 2.6400, 07:47:00
5087, 2024-09-06 08:14:39, 62.6167, -81.3511, 6.0954, 114.8646, 1.8473, 0.0000, 1.9231, 2.6666, 07:52:00
5087, 2024-09-06 08:19:39, 61.5389, -80.6526, 6.0941, 114.8646, 1.8403, 0.0000, 1.9662, 2.6931, 07:57:00
5087, 2024-09-06 08:22:39, 60.8932, -80.2280, 6.0934, 114.8646, 1.8357, 0.0000, 1.9920, 2.7088, 08:00:00
5087, 2024-09-06 08:27:39, 59.8188, -79.5107, 6.0921, 114.8646, 1.8274, 0.0000, 2.0348, 2.7349, 08:05:00
5087, 2024-09-06 08:32:39, 58.7469, -78.7805, 6.0908, 114.8646, 1.8182, 0.0000, 2.0774, 2.7607, 08:10:00
5087, 2024-09-06 08:37:39, 57.6776, -78.0364, 6.0895, 114.8646, 1.8082, 0.0000, 2.1197, 2.7862, 08:15:00
5087, 2024-09-06 08:42:39, 56.6113, -77.2776, 6.0882, 114.8646, 1.7973, 0.0000, 2.1617, 2.8112, 08:20:00
5087, 2024-09-06 08:47:39, 55.5481, -76.5029, 6.0869, 114.8646, 1.7854, 0.0000, 2.2033, 2.8358, 08:25:00
5087, 2024-09-06 08:52:39, 54.4884, -75.7113, 6.0856, 114.8646, 1.7726, 0.0000, 2.2444, 2.8599, 08:30:00
5087, 2024-09-06 08:57:39, 53.4324, -74.9016, 6.0843, 114.8646, 1.7588, 0.0000, 2.2849, 2.8834, 08:35:00
5087, 2024-09-06 09:02:39, 52.3805, -74.0726, 6.0830, 114.8646, 1.7441, 0.0000, 2.3248, 2.9063, 08:40:00
5087, 2024-09-06 09:07:39, 51.3329, -73.2229, 6.0817, 114.8646, 1.7284, 0.0000, 2.3641, 2.9285, 08:45:00
5087, 2024-09-06 09:12:39, 50.2900, -72.3512, 6.0804, 114.8646, 1.7117, 0.0000, 2.4025, 2.9499, 08:50:00
5087, 2024-09-06 09:17:39, 49.2522, -71.4560, 6.0791, 114.8646, 1.6939, 0.0000, 2.4402, 2.9705, 08:55:00
5087, 2024-09-06 09:22:39, 48.2199, -70.5356, 6.0778, 114.8646, 1.6752, 0.0000, 2.4769, 2.9902, 09:00:00
5087, 2024-09-06 09:27:39, 47.1935, -69.5885, 6.0765, 114.8646, 1.6554, 0.0000, 2.5127, 3.0090, 09:05:00
5087, 2024-09-06 09:32:39, 46.1735, -68.6128, 6.0752, 114.8646, 1.6346, 0.0000, 2.5474, 3.0268, 09:10:00
5087, 2024-09-06 09:37:39, 45.1604, -67.6066, 6.0739, 114.8646, 1.6128, 0.0000, 2.5810, 3.0435, 09:15:00
5087, 2024-09-06 09:42:39, 44.1547, -66.5678, 6.0726, 114.8646, 1.5900, 0.0000, 2.6135, 3.0591, 09:20:00
5087, 2024-09-06 09:47:39, 43.1570, -65.4944, 6.0713, 114.8646, 1.5662, 0.0000, 2.6446, 3.0736, 09:25:00
5087, 2024-09-06 09:52:39, 42.1679, -64.3838, 6.0700, 114.8646, 1.5415, 0.0000, 2.6745, 3.0869, 09:30:00
5087, 2024-09-06 09:57:39, 41.1881, -63.2338, 6.0687, 114.8646, 1.5157, 0.0000, 2.7030, 3.0990, 09:35:00
5087, 2024-09-06 10:02:39, 40.2185, -62.0417, 6.0674, 114.8646, 1.4891, 0.0000, 2.7300, 3.1097, 09:40:00
5087, 2024-09-06 10:07:39, 39.2596, -60.8046, 6.0661, 114.8646, 1.4616, 0.0000, 2.7556, 3.1192, 09:45:00
5087, 2024-09-06 10:12:39, 38.3125, -59.5197, 6.0648, 114.8646, 1.4332, 0.0000, 2.7797, 3.1274, 09:50:00
5087, 2024-09-06 10:17:39, 37.3781, -58.1839, 6.0635, 114.8646, 1.4040, 0.0000, 2.8022, 3.1343, 09:55:00
5087, 2024-09-06 10:22:39, 36.4574, -56.7937, 6.0622, 114.8646, 1.3740, 0.0000, 2.8231, 3.1397, 10:00:00
5087, 2024-09-06 10:27:39, 35.5516, -55.3459, 6.0609, 114.8646, 1.3433, 0.0000, 2.8425, 3.1439, 10:05:00
5087, 2024-09-06 10:32:39, 34.6617, -53.8368, 6.0596, 114.8646, 1.3118, 0.0000, 2.8601, 3.1466, 10:10:00
5087, 2024-09-06 10:37:39, 33.7893, -52.2628, 6.0583, 114.8646, 1.2798, 0.0000, 2.8762, 3.1480, 10:15:00
5087, 2024-09-06 10:42:39, 32.9356, -50.6198, 6.0570, 114.8646, 1.2471, 0.0000, 2.8905, 3.1481, 10:20:00
5087, 2024-09-06 10:47:39, 32.1023, -48.9041, 6.0557, 114.8646, 1.2139, 0.0000, 2.9033, 3.1468, 10:25:00
5087, 2024-09-06 10:52:39, 31.2910, -47.1117, 6.0544, 114.8646, 1.1802, 0.0000, 2.9144, 3.1443, 10:30:00
5087, 2024-09-06 10:57:39, 30.5035, -45.2387, 6.0531, 114.8646, 1.1461, 0.0000, 2.9238, 3.1404, 10:35:00
5087, 2024-09-06 11:02:39, 29.7417, -43.2814, 6.0518, 114.8646, 1.1115, 0.0000, 2.9316, 3.1353, 10:40:00
5087, 2024-09-06 11:07:39, 29.0077, -41.2360, 6.0505, 114.8646, 1.0767, 0.0000, 2.9378, 3.1289, 10:45:00
5087, 2024-09-06 11:12:39, 28.3038, -39.0995, 6.0492, 114.8646, 1.0416, 0.0000, 2.9425, 3.1214, 10:50:00
5087, 2024-09-06 11:17:39, 27.6322, -36.8689, 6.0479, 114.8646, 1.0063, 0.0000, 2.9456, 3.1128, 10:55:00
5087, 2024-09-06 11:22:39, 26.9954, -34.5422, 6.0466, 114.8646, 0.9708, 0.0000, 2.9473, 3.1030, 11:00:00
5087, 2024-09-06 11:27:39, 26.3959, -32.1181, 6.0453, 114.8646, 0.9352, 0.0000, 2.9475, 3.0923, 11:05:00
5087, 2024-09-06 11:32:39, 25.8365, -29.5961, 6.0440, 114.8646, 0.8995, 0.0000, 2.9462, 3.0805, 11:10:00
5087, 2024-09-06 11:37:39, 25.3196, -26.9773, 6.0427, 114.8646, 0.8638, 0.0000, 2.9437, 3.0678, 11:15:00
5087, 2024-09-06 11:42:39, 24.8482, -24.2640, 6.0414, 114.8646, 0.8282, 0.0000, 2.9398, 3.0542, 11:20:00
5087, 2024-09-06 11:47:39, 24.4247, -21.4601, 6.0401, 114.8646, 0.7926, 0.0000, 2.9346, 3.0398, 11:25:00
5087, 2024-09-06 11:52:39, 24.0518, -18.5713, 6.0388, 114.8646, 0.7572, 0.0000, 2.9283, 3.0246, 11:30:00
5087, 2024-09-06 11:57:39, 23.7318, -15.6052, 6.0375, 114.8646, 0.7219, 0.0000, 2.9208, 3.0087, 11:35:00
5087, 2024-09-06 12:02:39, 23.4670, -12.5711, 6.0362, 114.8646, 0.6868, 0.0000, 2.9122, 2.9921, 11:40:00
5087, 2024-09-06 12:07:39, 23.2592, -9.4802, 6.0349, 114.8646, 0.6520, 0.0000, 2.9026, 2.9749, 11:45:00
5087, 2024-09-06 12:12:39, 23.1100, -6.3452, 6.0336, 114.8646, 0.6174, 0.0000, 2.8920, 2.9572, 11:50:00
5087, 2024-09-06 12:17:39, 23.0205, -3.1802, 6.0323, 114.8646, 0.5831, 0.0000, 2.8805, 2.9389, 11:55:00
5087, 2024-09-06 12:22:39, 22.9915, -0.0001, 6.0310, 114.8646, 0.5491, 0.0000, 2.8681, 2.9202, 12:00:00
5087, 2024-09-06 12:27:39, 23.0231, 3.1797, 6.0297, 114.8646, 0.5155, 0.0000, 2.8549, 2.9011, 12:05:00
5087, 2024-09-06 12:32:39, 23.1151, 6.3438, 6.0284, 114.8646, 0.4822, 0.0000, 2.8410, 2.8816, 12:10:00
5087, 2024-09-06 12:37:39, 23.2669, 9.4772, 6.0271, 114.8646, 0.4493, 0.0000, 2.8263, 2.8618, 12:15:00
5087, 2024-09-06 12:42:39, 23.4772, 12.5659, 6.0258, 114.8646, 0.4168, 0.0000, 2.8110, 2.8418, 12:20:00
5087, 2024-09-06 12:47:39, 23.7444, 15.5974, 6.0245, 114.8646, 0.3847, 0.0000, 2.7951, 2.8215, 12:25:00
5087, 2024-09-06 12:52:39, 24.0667, 18.5604, 6.0232, 114.8646, 0.3531, 0.0000, 2.7787, 2.8010, 12:30:00
5087, 2024-09-06 12:57:39, 24.4419, 21.4458, 6.0219, 114.8646, 0.3219, 0.0000, 2.7617, 2.7804, 12:35:00
5087, 2024-09-06 13:02:39, 24.8675, 24.2460, 6.0206, 114.8646, 0.2911, 0.0000, 2.7442, 2.7596, 12:40:00
5087, 2024-09-06 13:07:39, 25.3411, 26.9554, 6.0193, 114.8646, 0.2608, 0.0000, 2.7263, 2.7388, 12:45:00
5087, 2024-09-06 13:12:39, 25.8598, 29.5701, 6.0180, 114.8646, 0.2310, 0.0000, 2.7081, 2.7179, 12:50:00
5087, 2024-09-06 13:17:39, 26.4212, 32.0879, 6.0167, 114.8646, 0.2016, 0.0000, 2.6895, 2.6970, 12:55:00
5087, 2024-09-06 13:22:39, 27.0224, 34.5078, 6.0154, 114.8646, 0.1727, 0.0000, 2.6705, 2.6761, 13:00:00
5087, 2024-09-06 13:27:39, 27.6609, 36.8304, 6.0141, 114.8646, 0.1443, 0.0000, 2.6513, 2.6552, 13:05:00
5087, 2024-09-06 13:32:39, 28.3340, 39.0568, 6.0128, 114.8646, 0.1163, 0.0000, 2.6318, 2.6344, 13:10:00
5087, 2024-09-06 13:37:39, 29.0395, 41.1893, 6.0115, 114.8646, 0.0888, 0.0000, 2.6121, 2.6137, 13:15:00
5087, 2024-09-06 13:42:39, 29.7748, 43.2308, 6.0102, 114.8646, 0.0618, 0.0000, 2.5923, 2.5930, 13:20:00
5087, 2024-09-06 13:47:39, 30.5379, 45.1843, 6.0089, 114.8646, 0.0352, 0.0000, 2.5722, 2.5724, 13:25:00
5087, 2024-09-06 13:52:39, 31.3267, 47.0536, 6.0076, 114.8646, 0.0091, 0.0000, 2.5520, 2.5520, 13:30:00
5087, 2024-09-06 13:57:39, 32.1392, 48.8425, 6.0063, 114.8646, -0.0165, 0.0000, 2.5317, 2.5317, 13:35:00
5087, 2024-09-06 14:02:39, 32.9737, 50.5548, 6.0050, 114.8646, -0.0417, 0.0000, 2.5113, 2.5116, 13:40:00
5087, 2024-09-06 14:07:39, 33.8285, 52.1945, 6.0037, 114.8646, -0.0665, 0.0000, 2.4908, 2.4917, 13:45:00
5087, 2024-09-06 14:12:39, 34.7020, 53.7654, 6.0024, 114.8646, -0.0908, 0.0000, 2.4702, 2.4719, 13:50:00
5087, 2024-09-06 14:17:39, 35.5928, 55.2715, 6.0011, 114.8646, -0.1147, 0.0000, 2.4496, 2.4523, 13:55:00
5087, 2024-09-06 14:22:39, 36.4996, 56.7165, 5.9998, 114.8646, -0.1381, 0.0000, 2.4290, 2.4329, 14:00:00
5087, 2024-09-06 14:27:39, 37.4213, 58.1039, 5.9985, 114.8646, -0.1612, 0.0000, 2.4084, 2.4138, 14:05:00
5087, 2024-09-06 14:32:39, 38.3566, 59.4371, 5.9972, 114.8646, -0.1838, 0.0000, 2.3877, 2.3948, 14:10:00
5087, 2024-09-06 14:37:39, 39.3046, 60.7195, 5.9959, 114.8646, -0.2060, 0.0000, 2.3671, 2.3760, 14:15:00
5087, 2024-09-06 14:42:39, 40.2643, 61.9541, 5.9946, 114.8646, -0.2279, 0.0000, 2.3465, 2.3575, 14:20:00
5087, 2024-09-06 14:47:39, 41.2348, 63.1440, 5.9933, 114.8646, -0.2493, 0.0000, 2.3259, 2.3392, 14:25:00
5087, 2024-09-06 14:52:39, 42.2154, 64.2917, 5.9920, 114.8646, -0.2704, 0.0000, 2.3054, 2.3212, 14:30:00
5087, 2024-09-06 14:57:39, 43.2053, 65.4001, 5.9907, 114.8646, -0.2910, 0.0000, 2.2849, 2.3034, 14:35:00
5087, 2024-09-06 15:02:39, 44.2038, 66.4715, 5.9894, 114.8646, -0.3114, 0.0000, 2.2645, 2.2858, 14:40:00
5087, 2024-09-06 15:07:39, 45.2103, 67.5083, 5.9881, 114.8646, -0.3313, 0.0000, 2.2441, 2.2684, 14:45:00
5087, 2024-09-06 15:12:39, 46.2242, 68.5125, 5.9868, 114.8646, -0.3509, 0.0000, 2.2238, 2.2513, 14:50:00
5087, 2024-09-06 15:17:39, 47.2450, 69.4863, 5.9854, 114.8646, -0.3702, 0.0000, 2.2036, 2.2345, 14:55:00
5087, 2024-09-06 15:22:39, 48.2722, 70.4316, 5.9841, 114.8646, -0.3891, 0.0000, 2.1835, 2.2179, 15:00:00
5087, 2024-09-06 15:27:39, 49.3053, 71.3502, 5.9828, 114.8646, -0.4077, 0.0000, 2.1634, 2.2015, 15:05:00
5087, 2024-09-06 15:32:39, 50.3439, 72.2436, 5.9815, 114.8646, -0.4260, 0.0000, 2.1434, 2.1854, 15:10:00
5087, 2024-09-06 15:37:39, 51.3876, 73.1136, 5.9802, 114.8646, -0.4440, 0.0000, 2.1236, 2.1695, 15:15:00
5087, 2024-09-06 15:42:39, 52.4360, 73.9616, 5.9789, 114.8646, -0.4617, 0.0000, 2.1038, 2.1539, 15:20:00
5087, 2024-09-06 15:47:39, 53.4887, 74.7890, 5.9776, 114.8646, -0.4791, 0.0000, 2.0841, 2.1385, 15:25:00
5087, 2024-09-06 15:52:39, 54.5455, 75.5971, 5.9763, 114.8646, -0.4962, 0.0000, 2.0645, 2.1233, 15:30:00
5087, 2024-09-06 15:57:39, 55.6061, 76.3871, 5.9750, 114.8646, -0.5130, 0.0000, 2.0450, 2.1084, 15:35:00
5087, 2024-09-06 16:02:39, 56.6701, 77.1601, 5.9737, 114.8646, -0.5296, 0.0000, 2.0257, 2.0937, 15:40:00
5087, 2024-09-06 16:07:39, 57.7372, 77.9174, 5.9724, 114.8646, -0.5458, 0.0000, 2.0064, 2.0793, 15:45:00
5087, 2024-09-06 16:12:39, 58.8073, 78.6599, 5.9711, 114.8646, -0.5619, 0.0000, 1.9872, 2.0651, 15:50:00
5087, 2024-09-06 16:17:39, 59.8801, 79.3885, 5.9698, 114.8646, -0.5776, 0.0000, 1.9681, 2.0511, 15:55:00
5087, 2024-09-06 16:22:39, 60.9554, 80.1043, 5.9685, 114.8646, -0.5932, 0.0000, 1.9491, 2.0374, 16:00:00
5087, 2024-09-06 16:27:39, 62.0329, 80.8081, 5.9672, 114.8646, -0.6084, 0.0000, 1.9303, 2.0239, 16:05:00
5087, 2024-09-06 16:32:39, 63.1124, 81.5006, 5.9659, 114.8646, -0.6235, 0.0000, 1.9115, 2.0106, 16:10:00
5087, 2024-09-06 16:37:39, 64.1938, 82.1828, 5.9646, 114.8646, -0.6383, 0.0000, 1.8928, 1.9975, 16:15:00
5087, 2024-09-06 16:42:39, 65.2767, 82.8554, 5.9633, 114.8646, -0.6529, 0.0000, 1.8742, 1.9847, 16:20:00
5087, 2024-09-06 16:47:39, 66.3612, 83.5190, 5.9620, 114.8646, -0.6673, 0.0000, 1.8558, 1.9721, 16:25:00
5087, 2024-09-06 16:52:39, 67.4469, 84.1743, 5.9607, 114.8646, -0.6815, 0.0000, 1.8374, 1.9597, 16:30:00
5087, 2024-09-06 16:57:39, 68.5336, 84.8221, 5.9594, 114.8646, -0.6954, 0.0000, 1.8191, 1.9475, 16:35:00
5087, 2024-09-06 17:02:39, 69.6213, 85.4629, 5.9581, 114.8646, -0.7092, 0.0000, 1.8009, 1.9355, 16:40:00
5087, 2024-09-06 17:07:39, 70.7097, 86.0974, 5.9568, 114.8646, -0.7228, 0.0000, 1.7828, 1.9238, 16:45:00
5087, 2024-09-06 17:12:39, 71.7987, 86.7261, 5.9555, 114.8646, -0.7362, 0.0000, 1.7648, 1.9122, 16:50:00
5087, 2024-09-06 17:17:39, 72.8880, 87.3495, 5.9542, 114.8646, -0.7494, 0.0000, 1.7469, 1.9009, 16:55:00
5087, 2024-09-21 08:12:21, 64.9248, -75.4272, 0.3489, 114.8646, 1.8204, 0.0000, 2.0677, 2.7549, 07:55:00
5087, 2024-09-21 08:17:21, 63.8707, -74.6843, 0.3476, 114.8646, 1.8120, 0.0000, 2.1042, 2.7769, 08:00:00
5087, 2024-09-21 08:22:21, 62.8203, -73.9281, 0.3462, 114.8646, 1.8029, 0.0000, 2.1406, 2.7987, 08:05:00
5087, 2024-09-21 08:27:21, 61.7739, -73.1577, 0.3449, 114.8646, 1.7931, 0.0000, 2.1768, 2.8202, 08:10:00
5087, 2024-09-21 08:32:21, 60.7317, -72.3722, 0.3435, 114.8646, 1.7825, 0.0000, 2.2127, 2.8414, 08:15:00
5087, 2024-09-21 08:37:21, 59.6940, -71.5707, 0.3422, 114.8646, 1.7713, 0.0000, 2.2484, 2.8623, 08:20:00
5087, 2024-09-21 08:42:21, 58.6611, -70.7522, 0.3408, 114.8646, 1.7592, 0.0000, 2.2837, 2.8828, 08:25:00
5087, 2024-09-21 08:47:21, 57.6334, -69.9158, 0.3395, 114.8646, 1.7464, 0.0000, 2.3187, 2.9028, 08:30:00
5087, 2024-09-21 08:52:21, 56.6112, -69.0604, 0.3381, 114.8646, 1.7329, 0.0000, 2.3532, 2.9224, 08:35:00
5087, 2024-09-21 08:57:21, 55.5948, -68.1848, 0.3368, 114.8646, 1.7185, 0.0000, 2.3872, 2.9414, 08:40:00
5087, 2024-09-21 09:02:21, 54.5846, -67.2879, 0.3354, 114.8646, 1.7033, 0.0000, 2.4207, 2.9599, 08:45:00
5087, 2024-09-21 09:07:21, 53.5812, -66.3685, 0.3341, 114.8646, 1.6873, 0.0000, 2.4536, 2.9777, 08:50:00
5087, 2024-09-21 09:12:21, 52.5848, -65.4252, 0.3327, 114.8646, 1.6704, 0.0000, 2.4858, 2.9949, 08:55:00
5087, 2024-09-21 09:17:21, 51.5959, -64.4568, 0.3314, 114.8646, 1.6528, 0.0000, 2.5173, 3.0113, 09:00:00
5087, 2024-09-21 09:22:21, 50.6152, -63.4617, 0.3300, 114.8646, 1.6343, 0.0000, 2.5480, 3.0270, 09:05:00
5087, 2024-09-21 09:27:21, 49.6430, -62.4386, 0.3287, 114.8646, 1.6149, 0.0000, 2.5779, 3.0419, 09:10:00
5087, 2024-09-21 09:32:21, 48.6799, -61.3859, 0.3273, 114.8646, 1.5948, 0.0000, 2.6069, 3.0560, 09:15:00
5087, 2024-09-21 09:37:21, 47.7266, -60.3019, 0.3260, 114.8646, 1.5738, 0.0000, 2.6350, 3.0692, 09:20:00
5087, 2024-09-21 09:42:21, 46.7837, -59.1849, 0.3246, 114.8646, 1.5520, 0.0000, 2.6621, 3.0814, 09:25:00
5087, 2024-09-21 09:47:21, 45.8519, -58.0332, 0.3233, 114.8646, 1.5294, 0.0000, 2.6881, 3.0928, 09:30:00
5087, 2024-09-21 09:52:21, 44.9318, -56.8450, 0.3219, 114.8646, 1.5060, 0.0000, 2.7131, 3.1031, 09:35:00
5087, 2024-09-21 09:57:21, 44.0244, -55.6183, 0.3206, 114.8646, 1.4819, 0.0000, 2.7370, 3.1124, 09:40:00
5087, 2024-09-21 10:02:21, 43.1304, -54.3512, 0.3192, 114.8646, 1.4570, 0.0000, 2.7597, 3.1207, 09:45:00
5087, 2024-09-21 10:07:21, 42.2507, -53.0417, 0.3179, 114.8646, 1.4314, 0.0000, 2.7812, 3.1279, 09:50:00
5087, 2024-09-21 10:12:21, 41.3863, -51.6878, 0.3165, 114.8646, 1.4051, 0.0000, 2.8014, 3.1340, 09:55:00
5087, 2024-09-21 10:17:21, 40.5382, -50.2872, 0.3152, 114.8646, 1.3781, 0.0000, 2.8204, 3.1391, 10:00:00
5087, 2024-09-21 10:22:21, 39.7075, -48.8380, 0.3138, 114.8646, 1.3505, 0.0000, 2.8381, 3.1430, 10:05:00
5087, 2024-09-21 10:27:21, 38.8952, -47.3381, 0.3125, 114.8646, 1.3222, 0.0000, 2.8545, 3.1459, 10:10:00
5087, 2024-09-21 10:32:21, 38.1027, -45.7853, 0.3111, 114.8646, 1.2934, 0.0000, 2.8696, 3.1476, 10:15:00
5087, 2024-09-21 10:37:21, 37.3313, -44.1777, 0.3098, 114.8646, 1.2641, 0.0000, 2.8833, 3.1482, 10:20:00
5087, 2024-09-21 10:42:21, 36.5822, -42.5132, 0.3084, 114.8646, 1.2342, 0.0000, 2.8957, 3.1478, 10:25:00
5087, 2024-09-21 10:47:21, 35.8570, -40.7903, 0.3071, 114.8646, 1.2039, 0.0000, 2.9067, 3.1462, 10:30:00
5087, 2024-09-21 10:52:21, 35.1571, -39.0071, 0.3057, 114.8646, 1.1732, 0.0000, 2.9164, 3.1436, 10:35:00
5087, 2024-09-21 10:57:21, 34.4841, -37.1623, 0.3044, 114.8646, 1.1421, 0.0000, 2.9248, 3.1399, 10:40:00
5087, 2024-09-21 11:02:21, 33.8396, -35.2549, 0.3030, 114.8646, 1.1106, 0.0000, 2.9318, 3.1351, 10:45:00
5087, 2024-09-21 11:07:21, 33.2254, -33.2841, 0.3017, 114.8646, 1.0789, 0.0000, 2.9375, 3.1294, 10:50:00
5087, 2024-09-21 11:12:21, 32.6431, -31.2496, 0.3003, 114.8646, 1.0469, 0.0000, 2.9419, 3.1226, 10:55:00
5087, 2024-09-21 11:17:21, 32.0945, -29.1515, 0.2990, 114.8646, 1.0147, 0.0000, 2.9450, 3.1149, 11:00:00
5087, 2024-09-21 11:22:21, 31.5814, -26.9907, 0.2976, 114.8646, 0.9823, 0.0000, 2.9469, 3.1063, 11:05:00
5087, 2024-09-21 11:27:21, 31.1056, -24.7684, 0.2963, 114.8646, 0.9497, 0.0000, 2.9476, 3.0968, 11:10:00
5087, 2024-09-21 11:32:21, 30.6688, -22.4868, 0.2949, 114.8646, 0.9171, 0.0000, 2.9470, 3.0864, 11:15:00
5087, 2024-09-21 11:37:21, 30.2727, -20.1487, 0.2936, 114.8646, 0.8845, 0.0000, 2.9453, 3.0753, 11:20:00
5087, 2024-09-21 11:42:21, 29.9190, -17.7577, 0.2922, 114.8646, 0.8518, 0.0000, 2.9425, 3.0633, 11:25:00
5087, 2024-09-21 11:47:21, 29.6091, -15.3181, 0.2909, 114.8646, 0.8191, 0.0000, 2.9386, 3.0506, 11:30:00
5087, 2024-09-21 11:52:21, 29.3446, -12.8353, 0.2895, 114.8646, 0.7865, 0.0000, 2.9336, 3.0372, 11:35:00
5087, 2024-09-21 11:57:21, 29.1266, -10.3150, 0.2882, 114.8646, 0.7540, 0.0000, 2.9277, 3.0232, 11:40:00
5087, 2024-09-21 12:02:21, 28.9562, -7.7639, 0.2868, 114.8646, 0.7216, 0.0000, 2.9207, 3.0085, 11:45:00
5087, 2024-09-21 12:07:21, 28.8343, -5.1892, 0.2855, 114.8646, 0.6893, 0.0000, 2.9129, 2.9933, 11:50:00
5087, 2024-09-21 12:12:21, 28.7614, -2.5986, 0.2841, 114.8646, 0.6572, 0.0000, 2.9041, 2.9776, 11:55:00
5087, 2024-09-21 12:17:21, 28.7379, -0.0000, 0.2828, 114.8646, 0.6254, 0.0000, 2.8945, 2.9613, 12:00:00
5087, 2024-09-21 12:22:21, 28.7641, 2.5983, 0.2814, 114.8646, 0.5937, 0.0000, 2.8842, 2.9446, 12:05:00
5087, 2024-09-21 12:27:21, 28.8396, 5.1882, 0.2801, 114.8646, 0.5623, 0.0000, 2.8730, 2.9276, 12:10:00
5087, 2024-09-21 12:32:21, 28.9642, 7.7618, 0.2787, 114.8646, 0.5312, 0.0000, 2.8612, 2.9101, 12:15:00
5087, 2024-09-21 12:37:21, 29.1373, 10.3114, 0.2774, 114.8646, 0.5003, 0.0000, 2.8487, 2.8923, 12:20:00
5087, 2024-09-21 12:42:21, 29.3578, 12.8299, 0.2760, 114.8646, 0.4698, 0.0000, 2.8356, 2.8742, 12:25:00
5087, 2024-09-21 12:47:21, 29.6249, 15.3105, 0.2747, 114.8646, 0.4396, 0.0000, 2.8218, 2.8559, 12:30:00
5087, 2024-09-21 12:52:21, 29.9372, 17.7475, 0.2733, 114.8646, 0.4097, 0.0000, 2.8076, 2.8373, 12:35:00
5087, 2024-09-21 12:57:21, 30.2933, 20.1358, 0.2720, 114.8646, 0.3801, 0.0000, 2.7928, 2.8185, 12:40:00
5087, 2024-09-21 13:02:21, 30.6917, 22.4709, 0.2706, 114.8646, 0.3509, 0.0000, 2.7775, 2.7996, 12:45:00
5087, 2024-09-21 13:07:21, 31.1307, 24.7492, 0.2693, 114.8646, 0.3221, 0.0000, 2.7618, 2.7805, 12:50:00
5087, 2024-09-21 13:12:21, 31.6087, 26.9681, 0.2679, 114.8646, 0.2937, 0.0000, 2.7457, 2.7614, 12:55:00
5087, 2024-09-21 13:17:21, 32.1238, 29.1255, 0.2666, 114.8646, 0.2656, 0.0000, 2.7292, 2.7421, 13:00:00
5087, 2024-09-21 13:22:21, 32.6743, 31.2201, 0.2652, 114.8646, 0.2379, 0.0000, 2.7124, 2.7228, 13:05:00
5087, 2024-09-21 13:27:21, 33.2585, 33.2510, 0.2639, 114.8646, 0.2107, 0.0000, 2.6952, 2.7035, 13:10:00
5087, 2024-09-21 13:32:21, 33.8746, 35.2182, 0.2625, 114.8646, 0.1838, 0.0000, 2.6778, 2.6841, 13:15:00
5087, 2024-09-21 13:37:21, 34.5208, 37.1220, 0.2612, 114.8646, 0.1573, 0.0000, 2.6601, 2.6648, 13:20:00
5087, 2024-09-21 13:42:21, 35.1954, 38.9632, 0.2598, 114.8646, 0.1312, 0.0000, 2.6422, 2.6455, 13:25:00
5087, 2024-09-21 13:47:21, 35.8969, 40.7429, 0.2584, 114.8646, 0.1055, 0.0000, 2.6241, 2.6262, 13:30:00
5087, 2024-09-21 13:52:21, 36.6236, 42.4624, 0.2571, 114.8646, 0.0802, 0.0000, 2.6058, 2.6070, 13:35:00
5087, 2024-09-21 13:57:21, 37.3741, 44.1234, 0.2557, 114.8646, 0.0552, 0.0000, 2.5873, 2.5879, 13:40:00
5087, 2024-09-21 14:02:21, 38.1469, 45.7277, 0.2544, 114.8646, 0.0307, 0.0000, 2.5687, 2.5689, 13:45:00
5087, 2024-09-21 14:07:21, 38.9407, 47.2773, 0.2530, 114.8646, 0.0066, 0.0000, 2.5500, 2.5500, 13:50:00
5087, 2024-09-21 14:12:21, 39.7542, 48.7741, 0.2517, 114.8646, -0.0171, 0.0000, 2.5312, 2.5312, 13:55:00
5087, 2024-09-21 14:17:21, 40.5861, 50.2202, 0.2503, 114.8646, -0.0405, 0.0000, 2.5123, 2.5126, 14:00:00
5087, 2024-09-21 14:22:21, 41.4354, 51.6177, 0.2490, 114.8646, -0.0635, 0.0000, 2.4933, 2.4941, 14:05:00
5087, 2024-09-21 14:27:21, 42.3009, 52.9688, 0.2476, 114.8646, -0.0861, 0.0000, 2.4743, 2.4758, 14:10:00
5087, 2024-09-21 14:32:21, 43.1817, 54.2755, 0.2463, 114.8646, -0.1083, 0.0000, 2.4552, 2.4576, 14:15:00
5087, 2024-09-21 14:37:21, 44.0767, 55.5398, 0.2449, 114.8646, -0.1302, 0.0000, 2.4361, 2.4395, 14:20:00
5087, 2024-09-21 14:42:21, 44.9852, 56.7639, 0.2436, 114.8646, -0.1516, 0.0000, 2.4169, 2.4217, 14:25:00
5087, 2024-09-21 14:47:21, 45.9062, 57.9495, 0.2422, 114.8646, -0.1728, 0.0000, 2.3978, 2.4040, 14:30:00
5087, 2024-09-21 14:52:21, 46.8390, 59.0987, 0.2409, 114.8646, -0.1936, 0.0000, 2.3787, 2.3866, 14:35:00
5087, 2024-09-21 14:57:21, 47.7828, 60.2132, 0.2395, 114.8646, -0.2140, 0.0000, 2.3596, 2.3693, 14:40:00
5087, 2024-09-21 15:02:21, 48.7370, 61.2949, 0.2382, 114.8646, -0.2341, 0.0000, 2.3405, 2.3522, 14:45:00
5087, 2024-09-21 15:07:21, 49.7009, 62.3453, 0.2368, 114.8646, -0.2539, 0.0000, 2.3215, 2.3353, 14:50:00
5087, 2024-09-21 15:12:21, 50.6740, 63.3661, 0.2355, 114.8646, -0.2733, 0.0000, 2.3024, 2.3186, 14:55:00
5087, 2024-09-21 15:17:21, 51.6556, 64.3590, 0.2341, 114.8646, -0.2925, 0.0000, 2.2835, 2.3021, 15:00:00
5087, 2024-09-21 15:22:21, 52.6453, 65.3253, 0.2328, 114.8646, -0.3113, 0.0000, 2.2646, 2.2859, 15:05:00
5087, 2024-09-21 15:27:21, 53.6425, 66.2664, 0.2314, 114.8646, -0.3298, 0.0000, 2.2457, 2.2698, 15:10:00
5087, 2024-09-21 15:32:21, 54.6469, 67.1837, 0.2301, 114.8646, -0.3479, 0.0000, 2.2269, 2.2539, 15:15:00
5087, 2024-09-21 15:37:21, 55.6578, 68.0786, 0.2287, 114.8646, -0.3658, 0.0000, 2.2082, 2.2383, 15:20:00
5087, 2024-09-21 15:42:21, 56.6750, 68.9522, 0.2274, 114.8646, -0.3835, 0.0000, 2.1895, 2.2229, 15:25:00
5087, 2024-09-21 15:47:21, 57.6981, 69.8056, 0.2260, 114.8646, -0.4008, 0.0000, 2.1710, 2.2076, 15:30:00
5087, 2024-09-21 15:52:21, 58.7266, 70.6401, 0.2247, 114.8646, -0.4178, 0.0000, 2.1525, 2.1926, 15:35:00
5087, 2024-09-21 15:57:21, 59.7603, 71.4566, 0.2233, 114.8646, -0.4346, 0.0000, 2.1340, 2.1778, 15:40:00
5087, 2024-09-21 16:02:21, 60.7988, 72.2562, 0.2220, 114.8646, -0.4511, 0.0000, 2.1157, 2.1633, 15:45:00
5087, 2024-09-21 16:07:21, 61.8418, 73.0398, 0.2206, 114.8646, -0.4673, 0.0000, 2.0974, 2.1489, 15:50:00
5087, 2024-09-21 16:12:21, 62.8891, 73.8083, 0.2193, 114.8646, -0.4833, 0.0000, 2.0793, 2.1347, 15:55:00
5087, 2024-09-21 16:17:21, 63.9403, 74.5627, 0.2179, 114.8646, -0.4991, 0.0000, 2.0612, 2.1208, 16:00:00
5087, 2024-09-21 16:22:21, 64.9952, 75.3037, 0.2166, 114.8646, -0.5146, 0.0000, 2.0432, 2.1070, 16:05:00
5087, 2024-09-21 16:27:21, 66.0535, 76.0321, 0.2152, 114.8646, -0.5298, 0.0000, 2.0254, 2.0935, 16:10:00
5087, 2024-09-21 16:32:21, 67.1150, 76.7488, 0.2139, 114.8646, -0.5448, 0.0000, 2.0076, 2.0802, 16:15:00
5087, 2024-09-21 16:37:21, 68.1794, 77.4545, 0.2125, 114.8646, -0.5596, 0.0000, 1.9899, 2.0671, 16:20:00
5087, 2024-09-21 16:42:21, 69.2465, 78.1498, 0.2112, 114.8646, -0.5742, 0.0000, 1.9723, 2.0541, 16:25:00
5087, 2024-09-21 16:47:21, 70.3161, 78.8354, 0.2098, 114.8646, -0.5886, 0.0000, 1.9547, 2.0414, 16:30:00
5087, 2024-09-21 16:52:21, 71.3880, 79.5121, 0.2085, 114.8646, -0.6027, 0.0000, 1.9373, 2.0289, 16:35:00
5087, 2024-09-21 16:57:21, 72.4619, 80.1803, 0.2071, 114.8646, -0.6167, 0.0000, 1.9200, 2.0166, 16:40:00
5087, 2024-09-21 17:02:21, 73.5376, 80.8407, 0.2058, 114.8646, -0.6304, 0.0000, 1.9028, 2.0045, 16:45:00
5087, 2024-09-21 17:07:21, 74.6148, 81.4940, 0.2044, 114.8646, -0.6439, 0.0000, 1.8857, 1.9926, 16:50:00
5087, 2024-09-21 17:12:21, 75.6934, 82.1405, 0.2031, 114.8646, -0.6573, 0.0000, 1.8686, 1.9808, 16:55:00
5087, 2024-10-06 08:20:27, 65.4582, -68.1109, -5.4689, 114.8646, 1.7684, 0.0000, 2.2570, 2.8673, 08:08:00
5087, 2024-10-06 08:25:27, 64.4490, -67.3095, -5.4702, 114.8646, 1.7579, 0.0000, 2.2875, 2.8850, 08:13:00
5087, 2024-10-06 08:30:27, 63.4456, -66.4923, -5.4716, 114.8646, 1.7467, 0.0000, 2.3179, 2.9024, 08:18:00
5087, 2024-10-06 08:35:27, 62.4484, -65.6582, -5.4729, 114.8646, 1.7350, 0.0000, 2.3480, 2.9195, 08:23:00
5087, 2024-10-06 08:40:27, 61.4578, -64.8066, -5.4742, 114.8646, 1.7226, 0.0000, 2.3778, 2.9362, 08:28:00
5087, 2024-10-06 08:45:27, 60.4740, -63.9365, -5.4755, 114.8646, 1.7095, 0.0000, 2.4073, 2.9525, 08:33:00
5087, 2024-10-06 08:50:27, 59.4976, -63.0471, -5.4769, 114.8646, 1.6958, 0.0000, 2.4364, 2.9685, 08:38:00
5087, 2024-10-06 08:55:27, 58.5289, -62.1372, -5.4782, 114.8646, 1.6814, 0.0000, 2.4651, 2.9839, 08:43:00
5087, 2024-10-06 09:00:27, 57.5684, -61.2061, -5.4795, 114.8646, 1.6663, 0.0000, 2.4934, 2.9989, 08:48:00
5087, 2024-10-06 09:05:27, 56.6165, -60.2526, -5.4809, 114.8646, 1.6505, 0.0000, 2.5211, 3.0133, 08:53:00
5087, 2024-10-06 09:10:27, 55.6737, -59.2757, -5.4822, 114.8646, 1.6341, 0.0000, 2.5483, 3.0272, 08:58:00
5087, 2024-10-06 09:12:27, 55.2992, -58.8781, -5.4827, 114.8646, 1.6273, 0.0000, 2.5590, 3.0326, 09:00:00
5087, 2024-10-06 09:17:27, 54.3700, -57.8666, -5.4841, 114.8646, 1.6099, 0.0000, 2.5853, 3.0456, 09:05:00
5087, 2024-10-06 09:22:27, 53.4512, -56.8291, -5.4854, 114.8646, 1.5918, 0.0000, 2.6110, 3.0579, 09:10:00
5087, 2024-10-06 09:27:27, 52.5433, -55.7643, -5.4867, 114.8646, 1.5731, 0.0000, 2.6359, 3.0696, 09:15:00
5087, 2024-10-06 09:32:27, 51.6469, -54.6712, -5.4880, 114.8646, 1.5536, 0.0000, 2.6601, 3.0806, 09:20:00
5087, 2024-10-06 09:37:27, 50.7628, -53.5484, -5.4894, 114.8646, 1.5335, 0.0000, 2.6836, 3.0908, 09:25:00
5087, 2024-10-06 09:42:27, 49.8916, -52.3948, -5.4907, 114.8646, 1.5127, 0.0000, 2.7062, 3.1003, 09:30:00
5087, 2024-10-06 09:47:27, 49.0339, -51.2091, -5.4920, 114.8646, 1.4912, 0.0000, 2.7280, 3.1089, 09:35:00
5087, 2024-10-06 09:52:27, 48.1906, -49.9900, -5.4934, 114.8646, 1.4692, 0.0000, 2.7488, 3.1168, 09:40:00
5087, 2024-10-06 09:57:27, 47.3625, -48.7364, -5.4947, 114.8646, 1.4464, 0.0000, 2.7687, 3.1238, 09:45:00
5087, 2024-10-06 10:02:27, 46.5504, -47.4469, -5.4960, 114.8646, 1.4231, 0.0000, 2.7877, 3.1300, 09:50:00
5087, 2024-10-06 10:07:27, 45.7551, -46.1203, -5.4973, 114.8646, 1.3992, 0.0000, 2.8057, 3.1352, 09:55:00
5087, 2024-10-06 10:12:27, 44.9776, -44.7555, -5.4987, 114.8646, 1.3747, 0.0000, 2.8227, 3.1396, 10:00:00
5087, 2024-10-06 10:17:27, 44.2189, -43.3512, -5.5000, 114.8646, 1.3497, 0.0000, 2.8386, 3.1431, 10:05:00
5087, 2024-10-06 10:22:27, 43.4800, -41.9065, -5.5013, 114.8646, 1.3241, 0.0000, 2.8535, 3.1457, 10:10:00
5087, 2024-10-06 10:27:27, 42.7618, -40.4202, -5.5027, 114.8646, 1.2980, 0.0000, 2.8673, 3.1474, 10:15:00
5087, 2024-10-06 10:32:27, 42.0656, -38.8915, -5.5040, 114.8646, 1.2715, 0.0000, 2.8800, 3.1482, 10:20:00
5087, 2024-10-06 10:37:27, 41.3923, -37.3196, -5.5053, 114.8646, 1.2445, 0.0000, 2.8916, 3.1480, 10:25:00
5087, 2024-10-06 10:42:27, 40.7433, -35.7039, -5.5066, 114.8646, 1.2171, 0.0000, 2.9021, 3.1470, 10:30:00
5087, 2024-10-06 10:47:27, 40.1196, -34.0440, -5.5080, 114.8646, 1.1893, 0.0000, 2.9115, 3.1451, 10:35:00
5087, 2024-10-06 10:52:27, 39.5226, -32.3395, -5.5093, 114.8646, 1.1611, 0.0000, 2.9198, 3.1422, 10:40:00
5087, 2024-10-06 10:57:27, 38.9533, -30.5905, -5.5106, 114.8646, 1.1326, 0.0000, 2.9270, 3.1385, 10:45:00
5087, 2024-10-06 11:02:27, 38.4132, -28.7973, -5.5120, 114.8646, 1.1038, 0.0000, 2.9331, 3.1340, 10:50:00
5087, 2024-10-06 11:07:27, 37.9034, -26.9603, -5.5133, 114.8646, 1.0748, 0.0000, 2.9381, 3.1286, 10:55:00
5087, 2024-10-06 11:12:27, 37.4252, -25.0805, -5.5146, 114.8646, 1.0455, 0.0000, 2.9421, 3.1223, 11:00:00
5087, 2024-10-06 11:17:27, 36.9798, -23.1591, -5.5159, 114.8646, 1.0160, 0.0000, 2.9449, 3.1153, 11:05:00
5087, 2024-10-06 11:22:27, 36.5685, -21.1977, -5.5173, 114.8646, 0.9864, 0.0000, 2.9467, 3.1074, 11:10:00
5087, 2024-10-06 11:27:27, 36.1925, -19.1982, -5.5186, 114.8646, 0.9566, 0.0000, 2.9475, 3.0989, 11:15:00
5087, 2024-10-06 11:32:27, 35.8528, -17.1629, -5.5199, 114.8646, 0.9267, 0.0000, 2.9473, 3.0896, 11:20:00
5087, 2024-10-06 11:37:27, 35.5504, -15.0948, -5.5213, 114.8646, 0.8967, 0.0000, 2.9461, 3.0796, 11:25:00
5087, 2024-10-06 11:42:27, 35.2865, -12.9968, -5.5226, 114.8646, 0.8667, 0.0000, 2.9439, 3.0689, 11:30:00
5087, 2024-10-06 11:47:27, 35.0618, -10.8725, -5.5239, 114.8646, 0.8367, 0.0000, 2.9408, 3.0575, 11:35:00
5087, 2024-10-06 11:52:27, 34.8771, -8.7257, -5.5252, 114.8646, 0.8067, 0.0000, 2.9368, 3.0456, 11:40:00
5087, 2024-10-06 11:57:27, 34.7331, -6.5606, -5.5266, 114.8646, 0.7768, 0.0000, 2.9319, 3.0331, 11:45:00
5087, 2024-10-06 12:02:27, 34.6302, -4.3815, -5.5279, 114.8646, 0.7469, 0.0000, 2.9262, 3.0200, 11:50:00
5087, 2024-10-06 12:07:27, 34.5688, -2.1931, -5.5292, 114.8646, 0.7171, 0.0000, 2.9197, 3.0065, 11:55:00
5087, 2024-10-06 12:12:27, 34.5492, -0.0000, -5.5306, 114.8646, 0.6874, 0.0000, 2.9124, 2.9924, 12:00:00
5087, 2024-10-06 12:17:27, 34.5715, 2.1929, -5.5319, 114.8646, 0.6579, 0.0000, 2.9043, 2.9779, 12:05:00
5087, 2024-10-06 12:22:27, 34.6355, 4.3809, -5.5332, 114.8646, 0.6285, 0.0000, 2.8955, 2.9630, 12:10:00
5087, 2024-10-06 12:27:27, 34.7410, 6.5592, -5.5345, 114.8646, 0.5993, 0.0000, 2.8861, 2.9476, 12:15:00
5087, 2024-10-06 12:32:27, 34.8876, 8.7232, -5.5359, 114.8646, 0.5703, 0.0000, 2.8760, 2.9320, 12:20:00
5087, 2024-10-06 12:37:27, 35.0749, 10.8686, -5.5372, 114.8646, 0.5415, 0.0000, 2.8652, 2.9160, 12:25:00
5087, 2024-10-06 12:42:27, 35.3021, 12.9913, -5.5385, 114.8646, 0.5130, 0.0000, 2.8539, 2.8997, 12:30:00
5087, 2024-10-06 12:47:27, 35.5685, 15.0874, -5.5399, 114.8646, 0.4847, 0.0000, 2.8421, 2.8831, 12:35:00
5087, 2024-10-06 12:52:27, 35.8733, 17.1535, -5.5412, 114.8646, 0.4566, 0.0000, 2.8297, 2.8663, 12:40:00
5087, 2024-10-06 12:57:27, 36.2154, 19.1864, -5.5425, 114.8646, 0.4288, 0.0000, 2.8168, 2.8493, 12:45:00
5087, 2024-10-06 13:02:27, 36.5937, 21.1835, -5.5438, 114.8646, 0.4014, 0.0000, 2.8035, 2.8321, 12:50:00
5087, 2024-10-06 13:07:27, 37.0072, 23.1423, -5.5452, 114.8646, 0.3742, 0.0000, 2.7897, 2.8147, 12:55:00
5087, 2024-10-06 13:12:27, 37.4547, 25.0610, -5.5465, 114.8646, 0.3473, 0.0000, 2.7755, 2.7972, 13:00:00
5087, 2024-10-06 13:17:27, 37.9350, 26.9379, -5.5478, 114.8646, 0.3207, 0.0000, 2.7610, 2.7796, 13:05:00
5087, 2024-10-06 13:22:27, 38.4469, 28.7719, -5.5492, 114.8646, 0.2944, 0.0000, 2.7461, 2.7619, 13:10:00
5087, 2024-10-06 13:27:27, 38.9889, 30.5622, -5.5505, 114.8646, 0.2685, 0.0000, 2.7309, 2.7441, 13:15:00
5087, 2024-10-06 13:32:27, 39.5601, 32.3081, -5.5518, 114.8646, 0.2429, 0.0000, 2.7154, 2.7263, 13:20:00
5087, 2024-10-06 13:37:27, 40.1589, 34.0095, -5.5531, 114.8646, 0.2176, 0.0000, 2.6996, 2.7084, 13:25:00
5087, 2024-10-06 13:42:27, 40.7843, 35.6664, -5.5545, 114.8646, 0.1926, 0.0000, 2.6836, 2.6905, 13:30:00
5087, 2024-10-06 13:47:27, 41.4350, 37.2790, -5.5558, 114.8646, 0.1680, 0.0000, 2.6674, 2.6727, 13:35:00
5087, 2024-10-06 13:52:27, 42.1099, 38.8478, -5.5571, 114.8646, 0.1438, 0.0000, 2.6509, 2.6548, 13:40:00
5087, 2024-10-06 13:57:27, 42.8077, 40.3734, -5.5584, 114.8646, 0.1198, 0.0000, 2.6343, 2.6370, 13:45:00
5087, 2024-10-06 14:02:27, 43.5273, 41.8567, -5.5598, 114.8646, 0.0962, 0.0000, 2.6175, 2.6193, 13:50:00
5087, 2024-10-06 14:07:27, 44.2676, 43.2984, -5.5611, 114.8646, 0.0730, 0.0000, 2.6005, 2.6016, 13:55:00
5087, 2024-10-06 14:12:27, 45.0277, 44.6997, -5.5624, 114.8646, 0.0501, 0.0000, 2.5835, 2.5839, 14:00:00
5087, 2024-10-06 14:17:27, 45.8065, 46.0616, -5.5638, 114.8646, 0.0275, 0.0000, 2.5663, 2.5664, 14:05:00
5087, 2024-10-06 14:22:27, 46.6030, 47.3853, -5.5651, 114.8646, 0.0053, 0.0000, 2.5490, 2.5490, 14:10:00
5087, 2024-10-06 14:27:27, 47.4163, 48.6720, -5.5664, 114.8646, -0.0166, 0.0000, 2.5316, 2.5316, 14:15:00
5087, 2024-10-06 14:32:27, 48.2456, 49.9229, -5.5677, 114.8646, -0.0382, 0.0000, 2.5141, 2.5144, 14:20:00
5087, 2024-10-06 14:37:27, 49.0900, 51.1392, -5.5691, 114.8646, -0.0595, 0.0000, 2.4966, 2.4974, 14:25:00
5087, 2024-10-06 14:42:27, 49.9488, 52.3223, -5.5704, 114.8646, -0.0804, 0.0000, 2.4791, 2.4804, 14:30:00
5087, 2024-10-06 14:47:27, 50.8210, 53.4733, -5.5717, 114.8646, -0.1010, 0.0000, 2.4615, 2.4636, 14:35:00
5087, 2024-10-06 14:52:27, 51.7062, 54.5935, -5.5731, 114.8646, -0.1212, 0.0000, 2.4439, 2.4469, 14:40:00
5087, 2024-10-06 14:57:27, 52.6035, 55.6842, -5.5744, 114.8646, -0.1412, 0.0000, 2.4263, 2.4304, 14:45:00
5087, 2024-10-06 15:02:27, 53.5123, 56.7465, -5.5757, 114.8646, -0.1608, 0.0000, 2.4087, 2.4140, 14:50:00
5087, 2024-10-06 15:07:27, 54.4321, 57.7816, -5.5770, 114.8646, -0.1802, 0.0000, 2.3911, 2.3978, 14:55:00
5087, 2024-10-06 15:12:27, 55.3622, 58.7907, -5.5784, 114.8646, -0.1992, 0.0000, 2.3735, 2.3818, 15:00:00
5087, 2024-10-06 15:17:27, 56.3021, 59.7749, -5.5797, 114.8646, -0.2179, 0.0000, 2.3559, 2.3659, 15:05:00
5087, 2024-10-06 15:22:27, 57.2513, 60.7353, -5.5810, 114.8646, -0.2364, 0.0000, 2.3383, 2.3503, 15:10:00
5087, 2024-10-06 15:27:27, 58.2093, 61.6730, -5.5824, 114.8646, -0.2545, 0.0000, 2.3208, 2.3347, 15:15:00
5087, 2024-10-06 15:32:27, 59.1756, 62.5890, -5.5837, 114.8646, -0.2724, 0.0000, 2.3034, 2.3194, 15:20:00
5087, 2024-10-06 15:37:27, 60.1497, 63.4843, -5.5850, 114.8646, -0.2900, 0.0000, 2.2859, 2.3043, 15:25:00
5087, 2024-10-06 15:42:27, 61.1314, 64.3599, -5.5863, 114.8646, -0.3073, 0.0000, 2.2686, 2.2893, 15:30:00
5087, 2024-10-06 15:47:27, 62.1201, 65.2166, -5.5877, 114.8646, -0.3243, 0.0000, 2.2513, 2.2745, 15:35:00
5087, 2024-10-06 15:52:27, 63.1155, 66.0554, -5.5890, 114.8646, -0.3411, 0.0000, 2.2340, 2.2599, 15:40:00
5087, 2024-10-06 15:57:27, 64.1172, 66.8771, -5.5903, 114.8646, -0.3576, 0.0000, 2.2168, 2.2455, 15:45:00
5087, 2024-10-06 16:02:27, 65.1249, 67.6827, -5.5916, 114.8646, -0.3739, 0.0000, 2.1997, 2.2313, 15:50:00
5087, 2024-10-06 16:07:27, 66.1382, 68.4728, -5.5930, 114.8646, -0.3899, 0.0000, 2.1827, 2.2172, 15:55:00
5087, 2024-10-21 08:29:03, 66.4230, -61.2963, -11.0208, 114.8646, 1.7114, 0.0000, 2.4030, 2.9502, 08:20:00
5087, 2024-10-21 08:34:03, 65.4704, -60.4515, -11.0220, 114.8646, 1.6995, 0.0000, 2.4286, 2.9642, 08:25:00
5087, 2024-10-21 08:39:03, 64.5258, -59.5895, -11.0232, 114.8646, 1.6871, 0.0000, 2.4539, 2.9779, 08:30:00
5087, 2024-10-21 08:44:03, 63.5894, -58.7095, -11.0244, 114.8646, 1.6741, 0.0000, 2.4790, 2.9913, 08:35:00
5087, 2024-10-21 08:49:03, 62.6618, -57.8107, -11.0257, 114.8646, 1.6605, 0.0000, 2.5037, 3.0043, 08:40:00
5087, 2024-10-21 08:54:03, 61.7433, -56.8925, -11.0269, 114.8646, 1.6464, 0.0000, 2.5281, 3.0169, 08:45:00
5087, 2024-10-21 08:59:03, 60.8345, -55.9541, -11.0281, 114.8646, 1.6317, 0.0000, 2.5521, 3.0291, 08:50:00
5087, 2024-10-21 09:04:03, 59.9357, -54.9946, -11.0294, 114.8646, 1.6164, 0.0000, 2.5757, 3.0409, 08:55:00
5087, 2024-10-21 09:09:03, 59.0475, -54.0133, -11.0306, 114.8646, 1.6005, 0.0000, 2.5988, 3.0521, 09:00:00
5087, 2024-10-21 09:14:03, 58.1704, -53.0094, -11.0318, 114.8646, 1.5841, 0.0000, 2.6215, 3.0629, 09:05:00
5087, 2024-10-21 09:19:03, 57.3049, -51.9820, -11.0330, 114.8646, 1.5670, 0.0000, 2.6436, 3.0731, 09:10:00
5087, 2024-10-21 09:24:03, 56.4516, -50.9303, -11.0343, 114.8646, 1.5494, 0.0000, 2.6651, 3.0828, 09:15:00
5087, 2024-10-21 09:29:03, 55.6111, -49.8535, -11.0355, 114.8646, 1.5313, 0.0000, 2.6861, 3.0919, 09:20:00
5087, 2024-10-21 09:34:03, 54.7839, -48.7508, -11.0367, 114.8646, 1.5125, 0.0000, 2.7064, 3.1004, 09:25:00
5087, 2024-10-21 09:39:03, 53.9707, -47.6213, -11.0379, 114.8646, 1.4932, 0.0000, 2.7260, 3.1082, 09:30:00
5087, 2024-10-21 09:44:03, 53.1722, -46.4643, -11.0392, 114.8646, 1.4733, 0.0000, 2.7450, 3.1154, 09:35:00
5087, 2024-10-21 09:49:03, 52.3891, -45.2790, -11.0404, 114.8646, 1.4529, 0.0000, 2.7632, 3.1219, 09:40:00
5087, 2024-10-21 09:54:03, 51.6221, -44.0646, -11.0416, 114.8646, 1.4320, 0.0000, 2.7807, 3.1277, 09:45:00
5087, 2024-10-21 09:59:03, 50.8719, -42.8203, -11.0429, 114.8646, 1.4105, 0.0000, 2.7973, 3.1329, 09:50:00
5087, 2024-10-21 10:04:03, 50.1393, -41.5455, -11.0441, 114.8646, 1.3886, 0.0000, 2.8132, 3.1373, 09:55:00
5087, 2024-10-21 10:09:03, 49.4252, -40.2396, -11.0453, 114.8646, 1.3661, 0.0000, 2.8283, 3.1409, 10:00:00
5087, 2024-10-21 10:14:03, 48.7303, -38.9020, -11.0465, 114.8646, 1.3432, 0.0000, 2.8425, 3.1439, 10:05:00
5087, 2024-10-21 10:19:03, 48.0554, -37.5322, -11.0478, 114.8646, 1.3198, 0.0000, 2.8558, 3.1461, 10:10:00
5087, 2024-10-21 10:24:03, 47.4015, -36.1298, -11.0490, 114.8646, 1.2960, 0.0000, 2.8683, 3.1475, 10:15:00
5087, 2024-10-21 10:29:03, 46.7695, -34.6944, -11.0502, 114.8646, 1.2717, 0.0000, 2.8799, 3.1482, 10:20:00
5087, 2024-10-21 10:34:03, 46.1603, -33.2259, -11.0514, 114.8646, 1.2471, 0.0000, 2.8906, 3.1481, 10:25:00
5087, 2024-10-21 10:39:03, 45.5747, -31.7243, -11.0527, 114.8646, 1.2221, 0.0000, 2.9003, 3.1473, 10:30:00
5087, 2024-10-21 10:44:03, 45.0138, -30.1895, -11.0539, 114.8646, 1.1967, 0.0000, 2.9092, 3.1457, 10:35:00
5087, 2024-10-21 10:49:03, 44.4785, -28.6218, -11.0551, 114.8646, 1.1710, 0.0000, 2.9171, 3.1433, 10:40:00
5087, 2024-10-21 10:54:03, 43.9696, -27.0216, -11.0563, 114.8646, 1.1450, 0.0000, 2.9241, 3.1402, 10:45:00
5087, 2024-10-21 10:59:03, 43.4883, -25.3894, -11.0576, 114.8646, 1.1187, 0.0000, 2.9301, 3.1364, 10:50:00
5087, 2024-10-21 11:04:03, 43.0353, -23.7261, -11.0588, 114.8646, 1.0921, 0.0000, 2.9353, 3.1319, 10:55:00
5087, 2024-10-21 11:09:03, 42.6116, -22.0326, -11.0600, 114.8646, 1.0654, 0.0000, 2.9395, 3.1266, 11:00:00
5087, 2024-10-21 11:14:03, 42.2182, -20.3102, -11.0612, 114.8646, 1.0384, 0.0000, 2.9429, 3.1207, 11:05:00
5087, 2024-10-21 11:19:03, 41.8558, -18.5601, -11.0625, 114.8646, 1.0112, 0.0000, 2.9453, 3.1141, 11:10:00
5087, 2024-10-21 11:24:03, 41.5253, -16.7841, -11.0637, 114.8646, 0.9839, 0.0000, 2.9468, 3.1068, 11:15:00
5087, 2024-10-21 11:29:03, 41.2274, -14.9839, -11.0649, 114.8646, 0.9565, 0.0000, 2.9475, 3.0988, 11:20:00
5087, 2024-10-21 11:34:03, 40.9629, -13.1617, -11.0662, 114.8646, 0.9290, 0.0000, 2.9474, 3.0903, 11:25:00
5087, 2024-10-21 11:39:03, 40.7324, -11.3197, -11.0674, 114.8646, 0.9013, 0.0000, 2.9463, 3.0811, 11:30:00
5087, 2024-10-21 11:44:03, 40.5366, -9.4604, -11.0686, 114.8646, 0.8737, 0.0000, 2.9445, 3.0714, 11:35:00
5087, 2024-10-21 11:49:03, 40.3758, -7.5863, -11.0698, 114.8646, 0.8460, 0.0000, 2.9419, 3.0611, 11:40:00
5087, 2024-10-21 11:54:03, 40.2506, -5.7003, -11.0711, 114.8646, 0.8183, 0.0000, 2.9385, 3.0503, 11:45:00
5087, 2024-10-21 11:59:03, 40.1613, -3.8052, -11.0723, 114.8646, 0.7906, 0.0000, 2.9343, 3.0389, 11:50:00
5087, 2024-10-21 12:04:03, 40.1081, -1.9041, -11.0735, 114.8646, 0.7629, 0.0000, 2.9294, 3.0271, 11:55:00
5087, 2024-10-21 12:09:03, 40.0912, 0.0000, -11.0747, 114.8646, 0.7354, 0.0000, 2.9238, 3.0148, 12:00:00
5087, 2024-10-21 12:14:03, 40.1106, 1.9040, -11.0760, 114.8646, 0.7079, 0.0000, 2.9175, 3.0021, 12:05:00
5087, 2024-10-21 12:19:03, 40.1662, 3.8048, -11.0772, 114.8646, 0.6804, 0.0000, 2.9105, 2.9890, 12:10:00
5087, 2024-10-21 12:24:03, 40.2580, 5.6993, -11.0784, 114.8646, 0.6532, 0.0000, 2.9029, 2.9755, 12:15:00
5087, 2024-10-21 12:29:03, 40.3856, 7.5846, -11.0796, 114.8646, 0.6260, 0.0000, 2.8947, 2.9617, 12:20:00
5087, 2024-10-21 12:34:03, 40.5487, 9.4577, -11.0809, 114.8646, 0.5990, 0.0000, 2.8860, 2.9475, 12:25:00
5087, 2024-10-21 12:39:03, 40.7469, 11.3159, -11.0821, 114.8646, 0.5722, 0.0000, 2.8766, 2.9330, 12:30:00
5087, 2024-10-21 12:44:03, 40.9797, 13.1565, -11.0833, 114.8646, 0.5455, 0.0000, 2.8668, 2.9182, 12:35:00
5087, 2024-10-21 12:49:03, 41.2465, 14.9772, -11.0845, 114.8646, 0.5190, 0.0000, 2.8564, 2.9032, 12:40:00
5087, 2024-10-21 12:54:03, 41.5466, 16.7756, -11.0858, 114.8646, 0.4928, 0.0000, 2.8455, 2.8879, 12:45:00
5087, 2024-10-21 12:59:03, 41.8793, 18.5498, -11.0870, 114.8646, 0.4667, 0.0000, 2.8342, 2.8724, 12:50:00
5087, 2024-10-21 13:04:03, 42.2438, 20.2978, -11.0882, 114.8646, 0.4409, 0.0000, 2.8225, 2.8567, 12:55:00
5087, 2024-10-21 13:09:03, 42.6394, 22.0182, -11.0894, 114.8646, 0.4153, 0.0000, 2.8103, 2.8409, 13:00:00
5087, 2024-10-21 13:14:03, 43.0651, 23.7095, -11.0907, 114.8646, 0.3900, 0.0000, 2.7978, 2.8249, 13:05:00
5087, 2024-10-21 13:19:03, 43.5200, 25.3704, -11.0919, 114.8646, 0.3650, 0.0000, 2.7849, 2.8087, 13:10:00
5087, 2024-10-21 13:24:03, 44.0033, 27.0002, -11.0931, 114.8646, 0.3401, 0.0000, 2.7717, 2.7925, 13:15:00
5087, 2024-10-21 13:29:03, 44.5139, 28.5979, -11.0943, 114.8646, 0.3156, 0.0000, 2.7582, 2.7762, 13:20:00
5087, 2024-10-21 13:34:03, 45.0511, 30.1631, -11.0956, 114.8646, 0.2914, 0.0000, 2.7443, 2.7598, 13:25:00
5087, 2024-10-21 13:39:03, 45.6137, 31.6954, -11.0968, 114.8646, 0.2674, 0.0000, 2.7303, 2.7433, 13:30:00
5087, 2024-10-21 13:44:03, 46.2009, 33.1945, -11.0980, 114.8646, 0.2437, 0.0000, 2.7159, 2.7268, 13:35:00
5087, 2024-10-21 13:49:03, 46.8118, 34.6604, -11.0992, 114.8646, 0.2203, 0.0000, 2.7013, 2.7103, 13:40:00
5087, 2024-10-21 13:54:03, 47.4454, 36.0931, -11.1005, 114.8646, 0.1971, 0.0000, 2.6866, 2.6938, 13:45:00
5087, 2024-10-21 13:59:03, 48.1007, 37.4929, -11.1017, 114.8646, 0.1743, 0.0000, 2.6716, 2.6773, 13:50:00
5087, 2024-10-21 14:04:03, 48.7770, 38.8601, -11.1029, 114.8646, 0.1518, 0.0000, 2.6564, 2.6608, 13:55:00
5087, 2024-10-21 14:09:03, 49.4733, 40.1951, -11.1041, 114.8646, 0.1296, 0.0000, 2.6411, 2.6443, 14:00:00
5087, 2024-10-21 14:14:03, 50.1888, 41.4984, -11.1054, 114.8646, 0.1076, 0.0000, 2.6256, 2.6279, 14:05:00
5087, 2024-10-21 14:19:03, 50.9226, 42.7706, -11.1066, 114.8646, 0.0860, 0.0000, 2.6101, 2.6115, 14:10:00
5087, 2024-10-21 14:24:03, 51.6740, 44.0123, -11.1078, 114.8646, 0.0646, 0.0000, 2.5944, 2.5952, 14:15:00
5087, 2024-10-21 14:29:03, 52.4423, 45.2242, -11.1090, 114.8646, 0.0436, 0.0000, 2.5786, 2.5789, 14:20:00
5087, 2024-10-21 14:34:03, 53.2265, 46.4071, -11.1103, 114.8646, 0.0228, 0.0000, 2.5627, 2.5628, 14:25:00
5087, 2024-10-21 14:39:03, 54.0261, 47.5616, -11.1115, 114.8646, 0.0024, 0.0000, 2.5467, 2.5467, 14:30:00
5087, 2024-10-21 14:44:03, 54.8403, 48.6886, -11.1127, 114.8646, -0.0178, 0.0000, 2.5307, 2.5308, 14:35:00
5087, 2024-10-21 14:49:03, 55.6685, 49.7889, -11.1139, 114.8646, -0.0376, 0.0000, 2.5146, 2.5149, 14:40:00
5087, 2024-10-21 14:54:03, 56.5100, 50.8632, -11.1152, 114.8646, -0.0572, 0.0000, 2.4985, 2.4992, 14:45:00
5087, 2024-10-21 14:59:03, 57.3643, 51.9125, -11.1164, 114.8646, -0.0765, 0.0000, 2.4824, 2.4835, 14:50:00
5087, 2024-10-21 15:04:03, 58.2307, 52.9376, -11.1176, 114.8646, -0.0955, 0.0000, 2.4662, 2.4680, 14:55:00
5087, 2024-10-21 15:09:03, 59.1087, 53.9392, -11.1188, 114.8646, -0.1142, 0.0000, 2.4500, 2.4527, 15:00:00
5087, 2024-10-21 15:14:03, 59.9977, 54.9182, -11.1201, 114.8646, -0.1327, 0.0000, 2.4338, 2.4375, 15:05:00
5087, 2024-10-21 15:19:03, 60.8973, 55.8754, -11.1213, 114.8646, -0.1509, 0.0000, 2.4177, 2.4224, 15:10:00
5087, 2024-10-21 15:24:03, 61.8069, 56.8116, -11.1225, 114.8646, -0.1687, 0.0000, 2.4015, 2.4074, 15:15:00
5087, 2024-10-21 15:29:03, 62.7262, 57.7276, -11.1237, 114.8646, -0.1864, 0.0000, 2.3854, 2.3926, 15:20:00
5087, 2024-10-21 15:34:03, 63.6545, 58.6241, -11.1250, 114.8646, -0.2037, 0.0000, 2.3692, 2.3780, 15:25:00
5087, 2024-10-21 15:39:03, 64.5916, 59.5019, -11.1262, 114.8646, -0.2208, 0.0000, 2.3532, 2.3635, 15:30:00
5087, 2024-10-21 15:44:03, 65.5370, 60.3618, -11.1274, 114.8646, -0.2377, 0.0000, 2.3371, 2.3492, 15:35:00
5087, 2024-10-21 15:49:03, 66.4902, 61.2044, -11.1286, 114.8646, -0.2542, 0.0000, 2.3211, 2.3350, 15:40:00
5087, 2024-10-21 15:54:03, 67.4510, 62.0305, -11.1299, 114.8646, -0.2706, 0.0000, 2.3052, 2.3210, 15:45:00
5087, 2024-10-21 15:59:03, 68.4190, 62.8408, -11.1311, 114.8646, -0.2866, 0.0000, 2.2893, 2.3072, 15:50:00
5087, 2024-10-21 16:04:03, 69.3937, 63.6358, -11.1323, 114.8646, -0.3025, 0.0000, 2.2734, 2.2935, 15:55:00
5087, 2024-11-09 08:43:27, 67.6155, -53.6898, -17.1197, 114.8646, 1.6381, 0.0000, 2.5418, 3.0239, 08:35:00
5087, 2024-11-09 08:48:27, 66.7420, -52.8077, -17.1207, 114.8646, 1.6251, 0.0000, 2.5625, 3.0343, 08:40:00
5087, 2024-11-09 08:53:27, 65.8786, -51.9080, -17.1217, 114.8646, 1.6115, 0.0000, 2.5829, 3.0444, 08:45:00
5087, 2024-11-09 08:58:27, 65.0259, -50.9901, -17.1226, 114.8646, 1.5976, 0.0000, 2.6030, 3.0541, 08:50:00
5087, 2024-11-09 09:03:27, 64.1842, -50.0534, -17.1236, 114.8646, 1.5831, 0.0000, 2.6228, 3.0635, 08:55:00
5087, 2024-11-09 09:08:27, 63.3541, -49.0974, -17.1246, 114.8646, 1.5681, 0.0000, 2.6422, 3.0725, 09:00:00
5087, 2024-11-09 09:13:27, 62.5359, -48.1215, -17.1256, 114.8646, 1.5527, 0.0000, 2.6612, 3.0811, 09:05:00
5087, 2024-11-09 09:18:27, 61.7302, -47.1252, -17.1266, 114.8646, 1.5368, 0.0000, 2.6799, 3.0892, 09:10:00
5087, 2024-11-09 09:23:27, 60.9376, -46.1079, -17.1275, 114.8646, 1.5203, 0.0000, 2.6980, 3.0969, 09:15:00
5087, 2024-11-09 09:28:27, 60.1584, -45.0692, -17.1285, 114.8646, 1.5035, 0.0000, 2.7157, 3.1041, 09:20:00
5087, 2024-11-09 09:33:27, 59.3934, -44.0086, -17.1295, 114.8646, 1.4861, 0.0000, 2.7329, 3.1109, 09:25:00
5087, 2024-11-09 09:38:27, 58.6431, -42.9255, -17.1305, 114.8646, 1.4683, 0.0000, 2.7496, 3.1171, 09:30:00
5087, 2024-11-09 09:43:27, 57.9080, -41.8196, -17.1314, 114.8646, 1.4500, 0.0000, 2.7657, 3.1228, 09:35:00
5087, 2024-11-09 09:48:27, 57.1887, -40.6903, -17.1324, 114.8646, 1.4312, 0.0000, 2.7813, 3.1279, 09:40:00
5087, 2024-11-09 09:53:27, 56.4860, -39.5374, -17.1334, 114.8646, 1.4120, 0.0000, 2.7962, 3.1325, 09:45:00
5087, 2024-11-09 09:58:27, 55.8003, -38.3604, -17.1344, 114.8646, 1.3924, 0.0000, 2.8106, 3.1366, 09:50:00
5087, 2024-11-09 10:03:27, 55.1324, -37.1591, -17.1353, 114.8646, 1.3723, 0.0000, 2.8243, 3.1400, 09:55:00
5087, 2024-11-09 10:08:27, 54.4829, -35.9332, -17.1363, 114.8646, 1.3518, 0.0000, 2.8373, 3.1429, 10:00:00
5087, 2024-11-09 10:13:27, 53.8525, -34.6825, -17.1373, 114.8646, 1.3309, 0.0000, 2.8496, 3.1451, 10:05:00
5087, 2024-11-09 10:18:27, 53.2420, -33.4068, -17.1383, 114.8646, 1.3097, 0.0000, 2.8613, 3.1468, 10:10:00
5087, 2024-11-09 10:23:27, 52.6519, -32.1062, -17.1392, 114.8646, 1.2880, 0.0000, 2.8722, 3.1478, 10:15:00
5087, 2024-11-09 10:28:27, 52.0830, -30.7806, -17.1402, 114.8646, 1.2660, 0.0000, 2.8825, 3.1482, 10:20:00
5087, 2024-11-09 10:33:27, 51.5360, -29.4302, -17.1412, 114.8646, 1.2436, 0.0000, 2.8920, 3.1480, 10:25:00
5087, 2024-11-09 10:38:27, 51.0117, -28.0552, -17.1422, 114.8646, 1.2209, 0.0000, 2.9007, 3.1472, 10:30:00
5087, 2024-11-09 10:43:27, 50.5107, -26.6559, -17.1431, 114.8646, 1.1979, 0.0000, 2.9088, 3.1458, 10:35:00
5087, 2024-11-09 10:48:27, 50.0337, -25.2326, -17.1441, 114.8646, 1.1746, 0.0000, 2.9160, 3.1437, 10:40:00
5087, 2024-11-09 10:53:27, 49.5815, -23.7859, -17.1451, 114.8646, 1.1510, 0.0000, 2.9225, 3.1410, 10:45:00
5087, 2024-11-09 10:58:27, 49.1547, -22.3165, -17.1461, 114.8646, 1.1272, 0.0000, 2.9283, 3.1377, 10:50:00
5087, 2024-11-09 11:03:27, 48.7541, -20.8251, -17.1470, 114.8646, 1.1031, 0.0000, 2.9333, 3.1338, 10:55:00
5087, 2024-11-09 11:08:27, 48.3802, -19.3125, -17.1480, 114.8646, 1.0789, 0.0000, 2.9375, 3.1294, 11:00:00
5087, 2024-11-09 11:13:27, 48.0337, -17.7799, -17.1490, 114.8646, 1.0544, 0.0000, 2.9410, 3.1243, 11:05:00
5087, 2024-11-09 11:18:27, 47.7152, -16.2283, -17.1500, 114.8646, 1.0297, 0.0000, 2.9437, 3.1186, 11:10:00
5087, 2024-11-09 11:23:27, 47.4252, -14.6590, -17.1509, 114.8646, 1.0049, 0.0000, 2.9457, 3.1124, 11:15:00
5087, 2024-11-09 11:28:27, 47.1644, -13.0734, -17.1519, 114.8646, 0.9800, 0.0000, 2.9470, 3.1057, 11:20:00
5087, 2024-11-09 11:33:27, 46.9331, -11.4729, -17.1529, 114.8646, 0.9549, 0.0000, 2.9475, 3.0984, 11:25:00
5087, 2024-11-09 11:38:27, 46.7319, -9.8593, -17.1539, 114.8646, 0.9297, 0.0000, 2.9474, 3.0905, 11:30:00
5087, 2024-11-09 11:43:27, 46.5611, -8.2340, -17.1548, 114.8646, 0.9045, 0.0000, 2.9465, 3.0822, 11:35:00
5087, 2024-11-09 11:48:27, 46.4211, -6.5991, -17.1558, 114.8646, 0.8792, 0.0000, 2.9449, 3.0734, 11:40:00
5087, 2024-11-09 11:53:27, 46.3121, -4.9562, -17.1568, 114.8646, 0.8539, 0.0000, 2.9427, 3.0641, 11:45:00
5087, 2024-11-09 11:58:27, 46.2343, -3.3075, -17.1578, 114.8646, 0.8285, 0.0000, 2.9398, 3.0543, 11:50:00
5087, 2024-11-09 12:03:27, 46.1880, -1.6547, -17.1587, 114.8646, 0.8032, 0.0000, 2.9363, 3.0442, 11:55:00
5087, 2024-11-09 12:08:27, 46.1732, 0.0000, -17.1597, 114.8646, 0.7778, 0.0000, 2.9321, 3.0335, 12:00:00
5087, 2024-11-09 12:13:27, 46.1900, 1.6546, -17.1607, 114.8646, 0.7525, 0.0000, 2.9274, 3.0225, 12:05:00
5087, 2024-11-09 12:18:27, 46.2382, 3.3072, -17.1617, 114.8646, 0.7273, 0.0000, 2.9220, 3.0112, 12:10:00
5087, 2024-11-09 12:23:27, 46.3179, 4.9556, -17.1626, 114.8646, 0.7021, 0.0000, 2.9161, 2.9994, 12:15:00
5087, 2024-11-09 12:28:27, 46.4288, 6.5979, -17.1636, 114.8646, 0.6770, 0.0000, 2.9096, 2.9873, 12:20:00
5087, 2024-11-09 12:33:27, 46.5708, 8.2323, -17.1646, 114.8646, 0.6520, 0.0000, 2.9026, 2.9749, 12:25:00
5087, 2024-11-09 12:38:27, 46.7434, 9.8567, -17.1655, 114.8646, 0.6271, 0.0000, 2.8951, 2.9622, 12:30:00
5087, 2024-11-09 12:43:27, 46.9465, 11.4696, -17.1665, 114.8646, 0.6023, 0.0000, 2.8871, 2.9492, 12:35:00
5087, 2024-11-09 12:48:27, 47.1796, 13.0690, -17.1675, 114.8646, 0.5777, 0.0000, 2.8786, 2.9360, 12:40:00
5087, 2024-11-09 12:53:27, 47.4423, 14.6535, -17.1685, 114.8646, 0.5532, 0.0000, 2.8697, 2.9225, 12:45:00
5087, 2024-11-09 12:58:27, 47.7340, 16.2216, -17.1694, 114.8646, 0.5289, 0.0000, 2.8603, 2.9088, 12:50:00
5087, 2024-11-09 13:03:27, 48.0542, 17.7719, -17.1704, 114.8646, 0.5047, 0.0000, 2.8505, 2.8949, 12:55:00
5087, 2024-11-09 13:08:27, 48.4024, 19.3031, -17.1714, 114.8646, 0.4807, 0.0000, 2.8404, 2.8808, 13:00:00
5087, 2024-11-09 13:13:27, 48.7780, 20.8141, -17.1724, 114.8646, 0.4570, 0.0000, 2.8298, 2.8665, 13:05:00
5087, 2024-11-09 13:18:27, 49.1803, 22.3040, -17.1733, 114.8646, 0.4334, 0.0000, 2.8189, 2.8521, 13:10:00
5087, 2024-11-09 13:23:27, 49.6086, 23.7717, -17.1743, 114.8646, 0.4100, 0.0000, 2.8077, 2.8375, 13:15:00
5087, 2024-11-09 13:28:27, 50.0624, 25.2167, -17.1753, 114.8646, 0.3868, 0.0000, 2.7962, 2.8228, 13:20:00
5087, 2024-11-09 13:33:27, 50.5409, 26.6382, -17.1763, 114.8646, 0.3639, 0.0000, 2.7844, 2.8080, 13:25:00
5087, 2024-11-09 13:38:27, 51.0433, 28.0358, -17.1772, 114.8646, 0.3412, 0.0000, 2.7723, 2.7932, 13:30:00
5087, 2024-11-09 13:43:27, 51.5691, 29.4090, -17.1782, 114.8646, 0.3187, 0.0000, 2.7599, 2.7782, 13:35:00
5087, 2024-11-09 13:48:27, 52.1174, 30.7575, -17.1792, 114.8646, 0.2964, 0.0000, 2.7473, 2.7632, 13:40:00
5087, 2024-11-09 13:53:27, 52.6876, 32.0812, -17.1801, 114.8646, 0.2744, 0.0000, 2.7345, 2.7482, 13:45:00
5087, 2024-11-09 13:58:27, 53.2790, 33.3799, -17.1811, 114.8646, 0.2527, 0.0000, 2.7214, 2.7331, 13:50:00
5087, 2024-11-09 14:03:27, 53.8908, 34.6536, -17.1821, 114.8646, 0.2312, 0.0000, 2.7082, 2.7180, 13:55:00
5087, 2024-11-09 14:08:27, 54.5223, 35.9023, -17.1831, 114.8646, 0.2099, 0.0000, 2.6948, 2.7029, 14:00:00
5087, 2024-11-09 14:13:27, 55.1729, 37.1263, -17.1840, 114.8646, 0.1889, 0.0000, 2.6812, 2.6878, 14:05:00
5087, 2024-11-09 14:18:27, 55.8419, 38.3257, -17.1850, 114.8646, 0.1682, 0.0000, 2.6675, 2.6728, 14:10:00
5087, 2024-11-09 14:23:27, 56.5287, 39.5007, -17.1860, 114.8646, 0.1477, 0.0000, 2.6536, 2.6577, 14:15:00
5087, 2024-11-09 14:28:27, 57.2325, 40.6516, -17.1870, 114.8646, 0.1274, 0.0000, 2.6396, 2.6427, 14:20:00
5087, 2024-11-09 14:33:27, 57.9527, 41.7789, -17.1879, 114.8646, 0.1075, 0.0000, 2.6255, 2.6277, 14:25:00
5087, 2024-11-09 14:38:27, 58.6887, 42.8829, -17.1889, 114.8646, 0.0877, 0.0000, 2.6113, 2.6128, 14:30:00
5087, 2024-11-09 14:43:27, 59.4400, 43.9640, -17.1899, 114.8646, 0.0683, 0.0000, 2.5971, 2.5980, 14:35:00
5087, 2024-11-09 14:48:27, 60.2059, 45.0227, -17.1908, 114.8646, 0.0491, 0.0000, 2.5827, 2.5832, 14:40:00
5087, 2024-11-09 14:53:27, 60.9858, 46.0594, -17.1918, 114.8646, 0.0302, 0.0000, 2.5683, 2.5685, 14:45:00
5087, 2024-11-09 14:58:27, 61.7793, 47.0747, -17.1928, 114.8646, 0.0115, 0.0000, 2.5538, 2.5539, 14:50:00
5087, 2024-11-09 15:03:27, 62.5857, 48.0691, -17.1938, 114.8646, -0.0069, 0.0000, 2.5393, 2.5394, 14:55:00
5087, 2024-11-09 15:08:27, 63.4046, 49.0431, -17.1947, 114.8646, -0.0251, 0.0000, 2.5248, 2.5249, 15:00:00
5087, 2024-11-09 15:13:27, 64.2355, 49.9972, -17.1957, 114.8646, -0.0430, 0.0000, 2.5102, 2.5106, 15:05:00
5087, 2024-11-09 15:18:27, 65.0779, 50.9321, -17.1967, 114.8646, -0.0606, 0.0000, 2.4957, 2.4964, 15:10:00
5087, 2024-11-09 15:23:27, 65.9312, 51.8481, -17.1976, 114.8646, -0.0780, 0.0000, 2.4811, 2.4823, 15:15:00
5087, 2024-11-09 15:28:27, 66.7952, 52.7459, -17.1986, 114.8646, -0.0952, 0.0000, 2.4665, 2.4683, 15:20:00
5087, 2024-11-09 15:33:27, 67.6693, 53.6261, -17.1996, 114.8646, -0.1121, 0.0000, 2.4519, 2.4545, 15:25:00
5087, 2024-11-09 15:38:27, 68.5531, 54.4891, -17.2006, 114.8646, -0.1287, 0.0000, 2.4373, 2.4407, 15:30:00
5087, 2024-11-09 15:43:27, 69.4462, 55.3355, -17.2015, 114.8646, -0.1451, 0.0000, 2.4228, 2.4271, 15:35:00
5087, 2024-11-09 15:48:27, 70.3482, 56.1659, -17.2025, 114.8646, -0.1613, 0.0000, 2.4083, 2.4137, 15:40:00
5087, 2024-11-09 15:53:27, 71.2588, 56.9808, -17.2035, 114.8646, -0.1772, 0.0000, 2.3938, 2.4003, 15:45:00
5087, 2024-11-09 15:58:27, 72.1775, 57.7806, -17.2044, 114.8646, -0.1929, 0.0000, 2.3793, 2.3872, 15:50:00
5087, 2024-11-09 16:03:27, 73.1040, 58.5660, -17.2054, 114.8646, -0.2083, 0.0000, 2.3650, 2.3741, 15:55:00
5087, 2024-12-21 09:14:01, 69.3684, -46.0158, -23.4381, 114.8646, 1.5561, 0.0000, 2.6571, 3.0792, 08:51:00
5087, 2024-12-21 09:19:01, 68.5898, -45.1160, -23.4381, 114.8646, 1.5424, 0.0000, 2.6733, 3.0864, 08:56:00
5087, 2024-12-21 09:23:01, 67.9757, -44.3842, -23.4381, 114.8646, 1.5312, 0.0000, 2.6861, 3.0919, 09:00:00
5087, 2024-12-21 09:28:01, 67.2191, -43.4540, -23.4380, 114.8646, 1.5168, 0.0000, 2.7018, 3.0985, 09:05:00
5087, 2024-12-21 09:33:01, 66.4755, -42.5064, -23.4380, 114.8646, 1.5020, 0.0000, 2.7172, 3.1047, 09:10:00
5087, 2024-12-21 09:38:01, 65.7453, -41.5411, -23.4380, 114.8646, 1.4868, 0.0000, 2.7323, 3.1106, 09:15:00
5087, 2024-12-21 09:43:01, 65.0288, -40.5578, -23.4380, 114.8646, 1.4712, 0.0000, 2.7470, 3.1161, 09:20:00
5087, 2024-12-21 09:48:01, 64.3267, -39.5563, -23.4380, 114.8646, 1.4552, 0.0000, 2.7613, 3.1212, 09:25:00
5087, 2024-12-21 09:53:01, 63.6393, -38.5363, -23.4380, 114.8646, 1.4388, 0.0000, 2.7752, 3.1259, 09:30:00
5087, 2024-12-21 09:58:01, 62.9673, -37.4976, -23.4380, 114.8646, 1.4220, 0.0000, 2.7886, 3.1302, 09:35:00
5087, 2024-12-21 10:03:01, 62.3110, -36.4400, -23.4380, 114.8646, 1.4048, 0.0000, 2.8016, 3.1341, 09:40:00
5087, 2024-12-21 10:08:01, 61.6710, -35.3634, -23.4380, 114.8646, 1.3872, 0.0000, 2.8142, 3.1375, 09:45:00
5087, 2024-12-21 10:13:01, 61.0479, -34.2677, -23.4380, 114.8646, 1.3693, 0.0000, 2.8262, 3.1405, 09:50:00
5087, 2024-12-21 10:18:01, 60.4422, -33.1528, -23.4380, 114.8646, 1.3510, 0.0000, 2.8378, 3.1430, 09:55:00
5087, 2024-12-21 10:23:01, 59.8544, -32.0186, -23.4380, 114.8646, 1.3324, 0.0000, 2.8488, 3.1450, 10:00:00
5087, 2024-12-21 10:28:01, 59.2850, -30.8652, -23.4379, 114.8646, 1.3134, 0.0000, 2.8593, 3.1465, 10:05:00
5087, 2024-12-21 10:33:01, 58.7346, -29.6927, -23.4379, 114.8646, 1.2941, 0.0000, 2.8692, 3.1476, 10:10:00
5087, 2024-12-21 10:38:01, 58.2038, -28.5011, -23.4379, 114.8646, 1.2745, 0.0000, 2.8786, 3.1481, 10:15:00
5087, 2024-12-21 10:43:01, 57.6931, -27.2906, -23.4379, 114.8646, 1.2546, 0.0000, 2.8874, 3.1482, 10:20:00
5087, 2024-12-21 10:48:01, 57.2030, -26.0616, -23.4379, 114.8646, 1.2343, 0.0000, 2.8957, 3.1478, 10:25:00
5087, 2024-12-21 10:53:01, 56.7341, -24.8142, -23.4379, 114.8646, 1.2138, 0.0000, 2.9033, 3.1468, 10:30:00
5087, 2024-12-21 10:58:01, 56.2869, -23.5489, -23.4379, 114.8646, 1.1930, 0.0000, 2.9103, 3.1454, 10:35:00
5087, 2024-12-21 11:03:01, 55.8619, -22.2662, -23.4379, 114.8646, 1.1720, 0.0000, 2.9168, 3.1434, 10:40:00
5087, 2024-12-21 11:08:01, 55.4597, -20.9664, -23.4379, 114.8646, 1.1507, 0.0000, 2.9226, 3.1410, 10:45:00
5087, 2024-12-21 11:13:01, 55.0808, -19.6503, -23.4379, 114.8646, 1.1292, 0.0000, 2.9278, 3.1380, 10:50:00
5087, 2024-12-21 11:18:01, 54.7256, -18.3184, -23.4379, 114.8646, 1.1074, 0.0000, 2.9324, 3.1346, 10:55:00
5087, 2024-12-21 11:23:01, 54.3947, -16.9716, -23.4378, 114.8646, 1.0855, 0.0000, 2.9364, 3.1306, 11:00:00
5087, 2024-12-21 11:28:01, 54.0884, -15.6105, -23.4378, 114.8646, 1.0634, 0.0000, 2.9398, 3.1262, 11:05:00
5087, 2024-12-21 11:33:01, 53.8072, -14.2362, -23.4378, 114.8646, 1.0411, 0.0000, 2.9426, 3.1213, 11:10:00
5087, 2024-12-21 11:38:01, 53.5515, -12.8495, -23.4378, 114.8646, 1.0187, 0.0000, 2.9447, 3.1159, 11:15:00
5087, 2024-12-21 11:43:01, 53.3217, -11.4515, -23.4378, 114.8646, 0.9961, 0.0000, 2.9463, 3.1101, 11:20:00
5087, 2024-12-21 11:48:01, 53.1181, -10.0432, -23.4378, 114.8646, 0.9734, 0.0000, 2.9472, 3.1038, 11:25:00
5087, 2024-12-21 11:53:01, 52.9410, -8.6258, -23.4378, 114.8646, 0.9507, 0.0000, 2.9476, 3.0971, 11:30:00
5087, 2024-12-21 11:58:01, 52.7907, -7.2005, -23.4378, 114.8646, 0.9278, 0.0000, 2.9473, 3.0899, 11:35:00
5087, 2024-12-21 12:03:01, 52.6673, -5.7685, -23.4378, 114.8646, 0.9048, 0.0000, 2.9465, 3.0823, 11:40:00
5087, 2024-12-21 12:08:01, 52.5712, -4.3312, -23.4377, 114.8646, 0.8818, 0.0000, 2.9451, 3.0743, 11:45:00
5087, 2024-12-21 12:13:01, 52.5024, -2.8897, -23.4377, 114.8646, 0.8588, 0.0000, 2.9432, 3.0659, 11:50:00
5087, 2024-12-21 12:18:01, 52.4611, -1.4456, -23.4377, 114.8646, 0.8357, 0.0000, 2.9407, 3.0571, 11:55:00
5087, 2024-12-21 12:23:01, 52.4474, -0.0001, -23.4377, 114.8646, 0.8126, 0.0000, 2.9377, 3.0480, 12:00:00
5087, 2024-12-21 12:28:01, 52.4611, 1.4455, -23.4377, 114.8646, 0.7895, 0.0000, 2.9341, 3.0385, 12:05:00
5087, 2024-12-21 12:33:01, 52.5024, 2.8896, -23.4377, 114.8646, 0.7664, 0.0000, 2.9301, 3.0286, 12:10:00
5087, 2024-12-21 12:38:01, 52.5711, 4.3311, -23.4377, 114.8646, 0.7434, 0.0000, 2.9255, 3.0185, 12:15:00
5087, 2024-12-21 12:43:01, 52.6672, 5.7684, -23.4377, 114.8646, 0.7204, 0.0000, 2.9205, 3.0080, 12:20:00
5087, 2024-12-21 12:48:01, 52.7905, 7.2004, -23.4377, 114.8646, 0.6975, 0.0000, 2.9149, 2.9972, 12:25:00
5087, 2024-12-21 12:53:01, 52.9408, 8.6257, -23.4376, 114.8646, 0.6746, 0.0000, 2.9090, 2.9862, 12:30:00
5087, 2024-12-21 12:58:01, 53.1179, 10.0431, -23.4376, 114.8646, 0.6518, 0.0000, 2.9026, 2.9748, 12:35:00
5087, 2024-12-21 13:03:01, 53.3215, 11.4514, -23.4376, 114.8646, 0.6291, 0.0000, 2.8957, 2.9633, 12:40:00
5087, 2024-12-21 13:08:01, 53.5513, 12.8494, -23.4376, 114.8646, 0.6065, 0.0000, 2.8885, 2.9515, 12:45:00
5087, 2024-12-21 13:13:01, 53.8070, 14.2361, -23.4376, 114.8646, 0.5841, 0.0000, 2.8808, 2.9394, 12:50:00
5087, 2024-12-21 13:18:01, 54.0881, 15.6105, -23.4376, 114.8646, 0.5617, 0.0000, 2.8728, 2.9272, 12:55:00
5087, 2024-12-21 13:23:01, 54.3944, 16.9715, -23.4376, 114.8646, 0.5395, 0.0000, 2.8644, 2.9148, 13:00:00
5087, 2024-12-21 13:28:01, 54.7253, 18.3184, -23.4376, 114.8646, 0.5174, 0.0000, 2.8557, 2.9022, 13:05:00
5087, 2024-12-21 13:33:01, 55.0805, 19.6503, -23.4375, 114.8646, 0.4955, 0.0000, 2.8467, 2.8895, 13:10:00
5087, 2024-12-21 13:38:01, 55.4594, 20.9665, -23.4375, 114.8646, 0.4737, 0.0000, 2.8373, 2.8766, 13:15:00
5087, 2024-12-21 13:43:01, 55.8616, 22.2662, -23.4375, 114.8646, 0.4521, 0.0000, 2.8276, 2.8635, 13:20:00
5087, 2024-12-21 13:48:01, 56.2865, 23.5490, -23.4375, 114.8646, 0.4307, 0.0000, 2.8177, 2.8504, 13:25:00
5087, 2024-12-21 13:53:01, 56.7337, 24.8143, -23.4375, 114.8646, 0.4094, 0.0000, 2.8074, 2.8371, 13:30:00
5087, 2024-12-21 13:58:01, 57.2026, 26.0617, -23.4375, 114.8646, 0.3883, 0.0000, 2.7970, 2.8238, 13:35:00
5087, 2024-12-21 14:03:01, 57.6926, 27.2908, -23.4375, 114.8646, 0.3675, 0.0000, 2.7862, 2.8104, 13:40:00
5087, 2024-12-21 14:08:01, 58.2034, 28.5012, -23.4375, 114.8646, 0.3468, 0.0000, 2.7753, 2.7969, 13:45:00
5087, 2024-12-21 14:13:01, 58.7342, 29.6928, -23.4374, 114.8646, 0.3263, 0.0000, 2.7641, 2.7833, 13:50:00
5087, 2024-12-21 14:18:01, 59.2845, 30.8654, -23.4374, 114.8646, 0.3061, 0.0000, 2.7528, 2.7697, 13:55:00
5087, 2024-12-21 14:23:01, 59.8539, 32.0188, -23.4374, 114.8646, 0.2860, 0.0000, 2.7412, 2.7561, 14:00:00
5087, 2024-12-21 14:28:01, 60.4417, 33.1530, -23.4374, 114.8646, 0.2661, 0.0000, 2.7295, 2.7425, 14:05:00
5087, 2024-12-21 14:33:01, 61.0474, 34.2680, -23.4374, 114.8646, 0.2465, 0.0000, 2.7177, 2.7288, 14:10:00
5087, 2024-12-21 14:38:01, 61.6705, 35.3637, -23.4374, 114.8646, 0.2271, 0.0000, 2.7056, 2.7152, 14:15:00
5087, 2024-12-21 14:43:01, 62.3104, 36.4403, -23.4374, 114.8646, 0.2079, 0.0000, 2.6935, 2.7015, 14:20:00
5087, 2024-12-21 14:48:01, 62.9667, 37.4979, -23.4373, 114.8646, 0.1889, 0.0000, 2.6812, 2.6879, 14:25:00
5087, 2024-12-21 14:53:01, 63.6387, 38.5366, -23.4373, 114.8646, 0.1702, 0.0000, 2.6688, 2.6743, 14:30:00
5087, 2024-12-21 14:58:01, 64.3261, 39.5566, -23.4373, 114.8646, 0.1517, 0.0000, 2.6564, 2.6607, 14:35:00
5087, 2024-12-21 15:03:01, 65.0282, 40.5582, -23.4373, 114.8646, 0.1334, 0.0000, 2.6438, 2.6471, 14:40:00
5087, 2024-12-21 15:08:01, 65.7446, 41.5415, -23.4373, 114.8646, 0.1153, 0.0000, 2.6311, 2.6337, 14:45:00
5087, 2024-12-21 15:13:01, 66.4749, 42.5068, -23.4373, 114.8646, 0.0975, 0.0000, 2.6184, 2.6202, 14:50:00
5087, 2024-12-21 15:18:01, 67.2185, 43.4545, -23.4373, 114.8646, 0.0799, 0.0000, 2.6056, 2.6069, 14:55:00
5087, 2024-12-21 15:23:01, 67.9750, 44.3847, -23.4372, 114.8646, 0.0625, 0.0000, 2.5928, 2.5936, 15:00:00
5087, 2024-12-21 15:28:01, 68.7439, 45.2979, -23.4372, 114.8646, 0.0454, 0.0000, 2.5799, 2.5803, 15:05:00
5087, 2024-12-21 15:33:01, 69.5249, 46.1943, -23.4372, 114.8646, 0.0285, 0.0000, 2.5670, 2.5672, 15:10:00
5087, 2024-12-21 15:38:01, 70.3174, 47.0743, -23.4372, 114.8646, 0.0118, 0.0000, 2.5541, 2.5541, 15:15:00
5087, 2024-12-21 15:43:01, 71.1211, 47.9382, -23.4372, 114.8646, -0.0046, 0.0000, 2.5412, 2.5412, 15:20:00
5087, 2024-12-21 15:48:01, 71.9356, 48.7865, -23.4372, 114.8646, -0.0208, 0.0000, 2.5282, 2.5283, 15:25:00
5087, 2024-12-21 15:53:01, 72.7604, 49.6194, -23.4372, 114.8646, -0.0368, 0.0000, 2.5153, 2.5155, 15:30:00
5087, 2024-12-21 15:58:01, 73.5951, 50.4373, -23.4371, 114.8646, -0.0526, 0.0000, 2.5023, 2.5029, 15:35:00
5087, 2024-12-21 16:03:01, 74.4394, 51.2407, -23.4371, 114.8646, -0.0681, 0.0000, 2.4894, 2.4903, 15:40:00
5087, 2024-12-21 16:08:01, 75.2929, 52.0298, -23.4371, 114.8646, -0.0834, 0.0000, 2.4765, 2.4779, 15:45:00
5087, 2024-12-21 16:13:01, 76.1551, 52.8050, -23.4371, 114.8646, -0.0985, 0.0000, 2.4636, 2.4656, 15:50:00
5087, 2024-12-21 16:18:01, 77.0258, 53.5667, -23.4371, 114.8646, -0.1134, 0.0000, 2.4508, 2.4534, 15:55:00
